90055
270166
135083
405250
202625
607876
303938
151969
455908
227954
113977
341932
170966
85483
256450
128225
384676
192338
96169
288508
144254
72127
216382
108191
324574
162287
486862
243431
730294
365147
1095442
547721
1643164
821582
410791
1232374
616187
1848562
924281
2772844
1386422
693211
2079634
1039817
3119452
1559726
779863
2339590
1169795
3509386
1754693
5264080
2632040
1316020
658010
329005
987016
493508
246754
123377
370132
185066
92533
277600
138800
69400
34700
17350
8675
26026
13013
39040
19520
9760
4880
2440
1220
610
305
916
458
229
688
344
172
86
43
130
65
196
98
49
148
74
37
112
56
28
14
7
22
11
34
17
52
26
13
40
20
10
5
16
8
4
2
1
