65432|1||
6543|1|2|
6543||21|
654|3|21|
6541|3|2|
6541|32||
654|321||
65|321|4|
65|32|41|
652|3|41|
6521|3|4|
6521||43|
652|1|43|
65|1|432|
65||4321|
6|5|4321|
61|5|432|
61|52|43|
6|521|43|
63|521|4|
63|52|41|
632|5|41|
6321|5|4|
6321|54||
632|541||
63|541|2|
63|54|21|
6|543|21|
61|543|2|
61|5432||
6|54321||
|54321|6|
|5432|61|
2|543|61|
21|543|6|
21|54|63|
2|541|63|
|541|632|
|54|6321|
4|5|6321|
41|5|632|
41|52|63|
4|521|63|
43|521|6|
43|52|61|
432|5|61|
4321|5|6|
4321||65|
432|1|65|
43|1|652|
43||6521|
4|3|6521|
41|3|652|
41|32|65|
4|321|65|
|321|654|
|32|6541|
2|3|6541|
21|3|654|
21||6543|
2|1|6543|
|1|65432|
||654321|
