765432||1|
76543|2|1|
76543|21||
7654|21|3|
76541|2|3|
76541||32|
7654||321|
765|4|321|
765|41|32|
7652|41|3|
76521|4|3|
76521|43||
7652|43|1|
765|432|1|
765|4321||
76|4321|5|
761|432|5|
761|43|52|
76|43|521|
763|4|521|
763|41|52|
7632|41|5|
76321|4|5|
76321||54|
7632||541|
763|2|541|
763|21|54|
76|21|543|
761|2|543|
761||5432|
76||54321|
7|6|54321|
7|61|5432|
72|61|543|
721|6|543|
721|63|54|
72|63|541|
7|632|541|
7|6321|54|
74|6321|5|
741|632|5|
741|63|52|
74|63|521|
743|6|521|
743|61|52|
7432|61|5|
74321|6|5|
74321|65||
7432|65|1|
743|652|1|
743|6521||
74|6521|3|
741|652|3|
741|65|32|
74|65|321|
7|654|321|
7|6541|32|
72|6541|3|
721|654|3|
721|6543||
72|6543|1|
7|65432|1|
7|654321||
|654321|7|
1|65432|7|
1|6543|72|
|6543|721|
3|654|721|
3|6541|72|
32|6541|7|
321|654|7|
321|65|74|
32|65|741|
3|652|741|
3|6521|74|
|6521|743|
1|652|743|
1|65|7432|
|65|74321|
5|6|74321|
5|61|7432|
52|61|743|
521|6|743|
521|63|74|
52|63|741|
5|632|741|
5|6321|74|
54|6321|7|
541|632|7|
541|63|72|
54|63|721|
543|6|721|
543|61|72|
5432|61|7|
54321|6|7|
54321||76|
5432||761|
543|2|761|
543|21|76|
54|21|763|
541|2|763|
541||7632|
54||76321|
5|4|76321|
5|41|7632|
52|41|763|
521|4|763|
521|43|76|
52|43|761|
5|432|761|
5|4321|76|
|4321|765|
1|432|765|
1|43|7652|
|43|76521|
3|4|76521|
3|41|7652|
32|41|765|
321|4|765|
321||7654|
32||76541|
3|2|76541|
3|21|7654|
|21|76543|
1|2|76543|
1||765432|
||7654321|
