8765432|1||
876543|1|2|
876543||21|
87654|3|21|
876541|3|2|
876541|32||
87654|321||
8765|321|4|
8765|32|41|
87652|3|41|
876521|3|4|
876521||43|
87652|1|43|
8765|1|432|
8765||4321|
876|5|4321|
8761|5|432|
8761|52|43|
876|521|43|
8763|521|4|
8763|52|41|
87632|5|41|
876321|5|4|
876321|54||
87632|541||
8763|541|2|
8763|54|21|
876|543|21|
8761|543|2|
8761|5432||
876|54321||
87|54321|6|
87|5432|61|
872|543|61|
8721|543|6|
8721|54|63|
872|541|63|
87|541|632|
87|54|6321|
874|5|6321|
8741|5|632|
8741|52|63|
874|521|63|
8743|521|6|
8743|52|61|
87432|5|61|
874321|5|6|
874321||65|
87432|1|65|
8743|1|652|
8743||6521|
874|3|6521|
8741|3|652|
8741|32|65|
874|321|65|
87|321|654|
87|32|6541|
872|3|6541|
8721|3|654|
8721||6543|
872|1|6543|
87|1|65432|
87||654321|
8|7|654321|
81|7|65432|
81|72|6543|
8|721|6543|
83|721|654|
83|72|6541|
832|7|6541|
8321|7|654|
8321|74|65|
832|741|65|
83|741|652|
83|74|6521|
8|743|6521|
81|743|652|
81|7432|65|
8|74321|65|
85|74321|6|
85|7432|61|
852|743|61|
8521|743|6|
8521|74|63|
852|741|63|
85|741|632|
85|74|6321|
854|7|6321|
8541|7|632|
8541|72|63|
854|721|63|
8543|721|6|
8543|72|61|
85432|7|61|
854321|7|6|
854321|76||
85432|761||
8543|761|2|
8543|76|21|
854|763|21|
8541|763|2|
8541|7632||
854|76321||
85|76321|4|
85|7632|41|
852|763|41|
8521|763|4|
8521|76|43|
852|761|43|
85|761|432|
85|76|4321|
8|765|4321|
81|765|432|
81|7652|43|
8|76521|43|
83|76521|4|
83|7652|41|
832|765|41|
8321|765|4|
8321|7654||
832|76541||
83|76541|2|
83|7654|21|
8|76543|21|
81|76543|2|
81|765432||
8|7654321||
|7654321|8|
|765432|81|
2|76543|81|
21|76543|8|
21|7654|83|
2|76541|83|
|76541|832|
|7654|8321|
4|765|8321|
41|765|832|
41|7652|83|
4|76521|83|
43|76521|8|
43|7652|81|
432|765|81|
4321|765|8|
4321|76|85|
432|761|85|
43|761|852|
43|76|8521|
4|763|8521|
41|763|852|
41|7632|85|
4|76321|85|
|76321|854|
|7632|8541|
2|763|8541|
21|763|854|
21|76|8543|
2|761|8543|
|761|85432|
|76|854321|
6|7|854321|
61|7|85432|
61|72|8543|
6|721|8543|
63|721|854|
63|72|8541|
632|7|8541|
6321|7|854|
6321|74|85|
632|741|85|
63|741|852|
63|74|8521|
6|743|8521|
61|743|852|
61|7432|85|
6|74321|85|
65|74321|8|
65|7432|81|
652|743|81|
6521|743|8|
6521|74|83|
652|741|83|
65|741|832|
65|74|8321|
654|7|8321|
6541|7|832|
6541|72|83|
654|721|83|
6543|721|8|
6543|72|81|
65432|7|81|
654321|7|8|
654321||87|
65432|1|87|
6543|1|872|
6543||8721|
654|3|8721|
6541|3|872|
6541|32|87|
654|321|87|
65|321|874|
65|32|8741|
652|3|8741|
6521|3|874|
6521||8743|
652|1|8743|
65|1|87432|
65||874321|
6|5|874321|
61|5|87432|
61|52|8743|
6|521|8743|
63|521|874|
63|52|8741|
632|5|8741|
6321|5|874|
6321|54|87|
632|541|87|
63|541|872|
63|54|8721|
6|543|8721|
61|543|872|
61|5432|87|
6|54321|87|
|54321|876|
|5432|8761|
2|543|8761|
21|543|876|
21|54|8763|
2|541|8763|
|541|87632|
|54|876321|
4|5|876321|
41|5|87632|
41|52|8763|
4|521|8763|
43|521|876|
43|52|8761|
432|5|8761|
4321|5|876|
4321||8765|
432|1|8765|
43|1|87652|
43||876521|
4|3|876521|
41|3|87652|
41|32|8765|
4|321|8765|
|321|87654|
|32|876541|
2|3|876541|
21|3|87654|
21||876543|
2|1|876543|
|1|8765432|
||87654321|
