98765432||1|
9876543|2|1|
9876543|21||
987654|21|3|
9876541|2|3|
9876541||32|
987654||321|
98765|4|321|
98765|41|32|
987652|41|3|
9876521|4|3|
9876521|43||
987652|43|1|
98765|432|1|
98765|4321||
9876|4321|5|
98761|432|5|
98761|43|52|
9876|43|521|
98763|4|521|
98763|41|52|
987632|41|5|
9876321|4|5|
9876321||54|
987632||541|
98763|2|541|
98763|21|54|
9876|21|543|
98761|2|543|
98761||5432|
9876||54321|
987|6|54321|
987|61|5432|
9872|61|543|
98721|6|543|
98721|63|54|
9872|63|541|
987|632|541|
987|6321|54|
9874|6321|5|
98741|632|5|
98741|63|52|
9874|63|521|
98743|6|521|
98743|61|52|
987432|61|5|
9874321|6|5|
9874321|65||
987432|65|1|
98743|652|1|
98743|6521||
9874|6521|3|
98741|652|3|
98741|65|32|
9874|65|321|
987|654|321|
987|6541|32|
9872|6541|3|
98721|654|3|
98721|6543||
9872|6543|1|
987|65432|1|
987|654321||
98|654321|7|
981|65432|7|
981|6543|72|
98|6543|721|
983|654|721|
983|6541|72|
9832|6541|7|
98321|654|7|
98321|65|74|
9832|65|741|
983|652|741|
983|6521|74|
98|6521|743|
981|652|743|
981|65|7432|
98|65|74321|
985|6|74321|
985|61|7432|
9852|61|743|
98521|6|743|
98521|63|74|
9852|63|741|
985|632|741|
985|6321|74|
9854|6321|7|
98541|632|7|
98541|63|72|
9854|63|721|
98543|6|721|
98543|61|72|
985432|61|7|
9854321|6|7|
9854321||76|
985432||761|
98543|2|761|
98543|21|76|
9854|21|763|
98541|2|763|
98541||7632|
9854||76321|
985|4|76321|
985|41|7632|
9852|41|763|
98521|4|763|
98521|43|76|
9852|43|761|
985|432|761|
985|4321|76|
98|4321|765|
981|432|765|
981|43|7652|
98|43|76521|
983|4|76521|
983|41|7652|
9832|41|765|
98321|4|765|
98321||7654|
9832||76541|
983|2|76541|
983|21|7654|
98|21|76543|
981|2|76543|
981||765432|
98||7654321|
9|8|7654321|
9|81|765432|
92|81|76543|
921|8|76543|
921|83|7654|
92|83|76541|
9|832|76541|
9|8321|7654|
94|8321|765|
941|832|765|
941|83|7652|
94|83|76521|
943|8|76521|
943|81|7652|
9432|81|765|
94321|8|765|
94321|85|76|
9432|85|761|
943|852|761|
943|8521|76|
94|8521|763|
941|852|763|
941|85|7632|
94|85|76321|
9|854|76321|
9|8541|7632|
92|8541|763|
921|854|763|
921|8543|76|
92|8543|761|
9|85432|761|
9|854321|76|
96|854321|7|
961|85432|7|
961|8543|72|
96|8543|721|
963|854|721|
963|8541|72|
9632|8541|7|
96321|854|7|
96321|85|74|
9632|85|741|
963|852|741|
963|8521|74|
96|8521|743|
961|852|743|
961|85|7432|
96|85|74321|
965|8|74321|
965|81|7432|
9652|81|743|
96521|8|743|
96521|83|74|
9652|83|741|
965|832|741|
965|8321|74|
9654|8321|7|
96541|832|7|
96541|83|72|
9654|83|721|
96543|8|721|
96543|81|72|
965432|81|7|
9654321|8|7|
9654321|87||
965432|87|1|
96543|872|1|
96543|8721||
9654|8721|3|
96541|872|3|
96541|87|32|
9654|87|321|
965|874|321|
965|8741|32|
9652|8741|3|
96521|874|3|
96521|8743||
9652|8743|1|
965|87432|1|
965|874321||
96|874321|5|
961|87432|5|
961|8743|52|
96|8743|521|
963|874|521|
963|8741|52|
9632|8741|5|
96321|874|5|
96321|87|54|
9632|87|541|
963|872|541|
963|8721|54|
96|8721|543|
961|872|543|
961|87|5432|
96|87|54321|
9|876|54321|
9|8761|5432|
92|8761|543|
921|876|543|
921|8763|54|
92|8763|541|
9|87632|541|
9|876321|54|
94|876321|5|
941|87632|5|
941|8763|52|
94|8763|521|
943|876|521|
943|8761|52|
9432|8761|5|
94321|876|5|
94321|8765||
9432|8765|1|
943|87652|1|
943|876521||
94|876521|3|
941|87652|3|
941|8765|32|
94|8765|321|
9|87654|321|
9|876541|32|
92|876541|3|
921|87654|3|
921|876543||
92|876543|1|
9|8765432|1|
9|87654321||
|87654321|9|
1|8765432|9|
1|876543|92|
|876543|921|
3|87654|921|
3|876541|92|
32|876541|9|
321|87654|9|
321|8765|94|
32|8765|941|
3|87652|941|
3|876521|94|
|876521|943|
1|87652|943|
1|8765|9432|
|8765|94321|
5|876|94321|
5|8761|9432|
52|8761|943|
521|876|943|
521|8763|94|
52|8763|941|
5|87632|941|
5|876321|94|
54|876321|9|
541|87632|9|
541|8763|92|
54|8763|921|
543|876|921|
543|8761|92|
5432|8761|9|
54321|876|9|
54321|87|96|
5432|87|961|
543|872|961|
543|8721|96|
54|8721|963|
541|872|963|
541|87|9632|
54|87|96321|
5|874|96321|
5|8741|9632|
52|8741|963|
521|874|963|
521|8743|96|
52|8743|961|
5|87432|961|
5|874321|96|
|874321|965|
1|87432|965|
1|8743|9652|
|8743|96521|
3|874|96521|
3|8741|9652|
32|8741|965|
321|874|965|
321|87|9654|
32|87|96541|
3|872|96541|
3|8721|9654|
|8721|96543|
1|872|96543|
1|87|965432|
|87|9654321|
7|8|9654321|
7|81|965432|
72|81|96543|
721|8|96543|
721|83|9654|
72|83|96541|
7|832|96541|
7|8321|9654|
74|8321|965|
741|832|965|
741|83|9652|
74|83|96521|
743|8|96521|
743|81|9652|
7432|81|965|
74321|8|965|
74321|85|96|
7432|85|961|
743|852|961|
743|8521|96|
74|8521|963|
741|852|963|
741|85|9632|
74|85|96321|
7|854|96321|
7|8541|9632|
72|8541|963|
721|854|963|
721|8543|96|
72|8543|961|
7|85432|961|
7|854321|96|
76|854321|9|
761|85432|9|
761|8543|92|
76|8543|921|
763|854|921|
763|8541|92|
7632|8541|9|
76321|854|9|
76321|85|94|
7632|85|941|
763|852|941|
763|8521|94|
76|8521|943|
761|852|943|
761|85|9432|
76|85|94321|
765|8|94321|
765|81|9432|
7652|81|943|
76521|8|943|
76521|83|94|
7652|83|941|
765|832|941|
765|8321|94|
7654|8321|9|
76541|832|9|
76541|83|92|
7654|83|921|
76543|8|921|
76543|81|92|
765432|81|9|
7654321|8|9|
7654321||98|
765432||981|
76543|2|981|
76543|21|98|
7654|21|983|
76541|2|983|
76541||9832|
7654||98321|
765|4|98321|
765|41|9832|
7652|41|983|
76521|4|983|
76521|43|98|
7652|43|981|
765|432|981|
765|4321|98|
76|4321|985|
761|432|985|
761|43|9852|
76|43|98521|
763|4|98521|
763|41|9852|
7632|41|985|
76321|4|985|
76321||9854|
7632||98541|
763|2|98541|
763|21|9854|
76|21|98543|
761|2|98543|
761||985432|
76||9854321|
7|6|9854321|
7|61|985432|
72|61|98543|
721|6|98543|
721|63|9854|
72|63|98541|
7|632|98541|
7|6321|9854|
74|6321|985|
741|632|985|
741|63|9852|
74|63|98521|
743|6|98521|
743|61|9852|
7432|61|985|
74321|6|985|
74321|65|98|
7432|65|981|
743|652|981|
743|6521|98|
74|6521|983|
741|652|983|
741|65|9832|
74|65|98321|
7|654|98321|
7|6541|9832|
72|6541|983|
721|654|983|
721|6543|98|
72|6543|981|
7|65432|981|
7|654321|98|
|654321|987|
1|65432|987|
1|6543|9872|
|6543|98721|
3|654|98721|
3|6541|9872|
32|6541|987|
321|654|987|
321|65|9874|
32|65|98741|
3|652|98741|
3|6521|9874|
|6521|98743|
1|652|98743|
1|65|987432|
|65|9874321|
5|6|9874321|
5|61|987432|
52|61|98743|
521|6|98743|
521|63|9874|
52|63|98741|
5|632|98741|
5|6321|9874|
54|6321|987|
541|632|987|
541|63|9872|
54|63|98721|
543|6|98721|
543|61|9872|
5432|61|987|
54321|6|987|
54321||9876|
5432||98761|
543|2|98761|
543|21|9876|
54|21|98763|
541|2|98763|
541||987632|
54||9876321|
5|4|9876321|
5|41|987632|
52|41|98763|
521|4|98763|
521|43|9876|
52|43|98761|
5|432|98761|
5|4321|9876|
|4321|98765|
1|432|98765|
1|43|987652|
|43|9876521|
3|4|9876521|
3|41|987652|
32|41|98765|
321|4|98765|
321||987654|
32||9876541|
3|2|9876541|
3|21|987654|
|21|9876543|
1|2|9876543|
1||98765432|
||987654321|
