85
148
150
184
313
337
397
677
704
866
872
1033
1080
1123
1269
1286
1555
1768
1783
1813
1848
2363
2614
2650
2708
2731
2832
2933
2963
3007
3139
3222
3402
3437
3618
3621
3634
3639
3899
4051
4095
4240
4264
4274
4312
4452
4580
4628
4695
4821
5162
5281
5319
5623
5624
5626
5738
5824
5833
5894
5957
5963
5973
6391
6409
6415
6485
6499
6539
6581
6798
6893
6895
6934
7091
7204
7328
7407
7450
7478
7563
7610
7869
7893
7958
8063
8184
8228
8434
8941
9061
9113
9198
9531
9564
9581
9963
10207
10288
10381
10496
10506
10597
10629
10657
10689
10742
10940
10975
11079
11105
11258
11621
11864
11870
11940
11978
12000
12044
12125
12603
12632
12641
12657
12803
12881
12894
12930
13087
13257
13351
13355
13362
13568
13702
13705
13866
13918
13939
14010
14019
14029
14030
14207
14220
14239
14259
14362
14528
14583
14627
14759
14818
14937
14938
15210
15298
15322
15399
15414
15418
15426
15453
15484
15586
15723
15764
15796
15931
15967
16156
16207
16489
16651
16761
16821
16863
16940
16980
17171
17194
17231
17247
17293
17316
17320
17355
17450
17451
17575
17579
17628
17816
17872
18054
18171
18184
18398
18559
18569
18638
18701
18847
18891
19032
19062
19088
19142
19212
19241
19358
19390
19422
19526
19539
19864
19900
19906
19958
19987
20062
20097
20153
20186
20478
20561
20578
20597
20904
20944
21307
21337
21367
21434
21639
21669
21781
21819
21885
21965
22236
22438
22448
22466
22476
22717
22722
22795
22967
23006
23041
23272
23341
23440
23538
23844
23865
23867
23887
24006
24110
24150
24226
24236
24248
24370
24467
24513
24551
24582
24649
24650
24849
24853
25072
25094
25135
25161
25215
25254
25356
25375
25578
25721
25808
26106
26243
26558
26559
26595
26659
26766
26823
26850
26952
27086
27118
27161
27235
27316
27320
27389
27435
27475
27545
27617
27757
27769
27816
28011
28038
28058
28156
28227
28307
28323
28575
28707
28822
28945
29057
29172
29245
29326
29371
29482
29523
29715
29855
29860
29967
30070
30071
30089
30095
30169
30315
30381
30550
30565
30586
30736
30818
31011
31104
31151
31493
31497
31508
31868
31970
32043
32245
32278
32284
32340
32409
32521
32898
32930
32999
33056
33108
33158
33253
33281
33419
33466
33550
33654
34007
34039
34114
34121
34173
34295
34373
34687
34824
34854
34968
34987
35090
35096
35111
35134
35198
35364
35499
35552
35671
35884
35937
35938
36146
36185
36213
36227
36283
36304
36351
36791
36963
37116
37178
37439
37462
37492
37552
37680
37988
38185
38279
38345
38359
38539
38602
38893
38979
39010
39085
39193
39281
39322
39340
39363
39382
39407
39438
39495
39521
39657
39697
39821
39892
40058
40107
40355
40389
40412
40457
40580
40711
40811
40812
40852
40905
41078
41286
41343
41372
41375
41445
41620
41757
41972
42230
42370
42398
42569
42594
42687
42725
42771
42898
43128
43167
43184
43293
43450
43618
43689
43806
43815
43861
43866
43872
43902
43945
44037
44058
44623
44665
44710
44745
44801
45049
45094
45243
45317
45355
45495
45648
45670
45683
45915
46153
46262
46320
46384
46453
46546
46576
46638
46729
46819
46894
46898
46993
47012
47091
47092
47262
47322
47425
47495
47503
47520
47536
47608
47701
47767
47867
47966
47997
48019
48059
48133
48388
48390
48594
48705
48786
49037
49107
49311
49595
49667
49671
49849
50011
50162
50169
50186
50248
50278
50317
50393
50486
50614
50825
50826
50850
50995
51002
51014
51127
51223
51231
51344
51499
51724
51789
51862
51912
51991
52265
52360
52388
52535
52689
52705
52789
53109
53293
53407
53507
53515
53538
53557
53606
53672
53676
54111
54270
54508
54657
54754
54772
54855
55018
55116
55130
55176
55234
55588
55619
55685
55776
55789
55882
56348
56398
56842
56951
56966
56978
57241
57365
57536
57617
57642
57689
57868
57939
58003
58006
58012
58250
58686
58814
59059
59112
59265
59279
59506
59523
59601
59857
59879
59889
60028
60164
60307
60432
60478
60705
60816
60844
61256
61347
61353
61371
61476
61620
61701
61706
61833
61838
61844
62021
62153
62332
62480
62637
62715
62802
62859
62899
63085
63164
63272
63316
63428
63439
63446
63550
63589
63651
63658
63862
64108
64300
64327
64443
64884
64914
64944
64976
65030
65097
65104
65113
65123
65456
65480
65723
65828
65976
66086
66291
66333
66350
66520
66535
66641
67073
67281
67322
67452
67504
67607
67625
67642
67645
67938
68000
68159
68276
68297
68375
68544
68569
68778
68811
69024
69181
69569
70147
70153
70211
70279
70316
70414
70516
70537
70587
70735
70737
71032
71199
71266
71341
71658
71899
71957
72126
72166
72204
72287
72369
72406
72431
72462
72659
72927
73181
73187
73190
73383
73433
73744
73782
73809
73819
73995
74001
74332
74385
74408
74433
74799
74920
74937
74955
75098
75150
75184
75185
75288
75407
75498
75654
75730
75980
76063
76393
76412
76552
76599
76619
76796
76885
76986
76997
77054
77080
77330
77349
77436
77557
77639
77649
77971
78048
78105
78199
78328
78368
78455
78473
78790
78866
78905
79184
79242
79265
79384
79404
79671
79806
79894
79963
80000
80181
80362
80442
80559
80675
80810
80867
80868
80945
81074
81145
81153
81464
81616
81771
81883
81915
81966
81980
82126
82129
82267
82284
82289
82295
82313
82399
82519
82646
82685
82778
82827
82852
83056
83124
83291
83297
83319
83333
83350
83377
83605
83635
83702
83715
83765
83820
83844
84251
84370
84383
84460
84537
84580
84711
84917
84928
84973
85054
85073
85266
85299
85359
85364
85444
85452
85501
85528
85640
85682
85727
85779
85811
85890
86025
86084
86097
86278
86304
86404
86474
86486
86530
86756
86792
87110
87111
87235
87289
87474
87494
87520
87566
87832
87908
88023
88055
88264
88329
88346
88370
88606
88705
88766
88777
89218
89268
89311
89704
89732
89862
89897
89963
90103
90171
90241
90373
90541
90594
90693
90734
90758
90779
90812
90902
90921
91170
91234
91439
91454
91625
91807
92065
92163
92302
92478
92700
92810
92949
93072
93317
93565
93591
93645
93697
93731
93954
94025
94283
94314
94483
94507
94711
94762
94795
94863
94870
94888
94889
94891
94985
95032
95107
95214
95228
95409
95511
95790
95999
96158
96182
96307
96363
96438
96453
96466
96764
96908
97015
97023
97039
97093
97177
97340
97403
97722
97723
97726
97892
97990
98056
98122
98194
98291
98340
98455
98466
98531
98632
98641
98705
98719
98729
98733
98785
99112
99138
99528
99543
99935
99990
100108
100166
100217
100233
100348
100382
100483
100524
100526
100563
100603
100643
100789
100960
101046
101072
101101
101287
101325
101454
101653
101659
101755
101898
101971
102138
102147
102240
102296
102404
102646
102725
103059
103060
103129
103192
103207
103221
103314
103409
103415
103421
103442
103443
103582
103709
103777
103825
103896
103898
103919
104136
104147
104166
104275
104435
104485
104581
104592
104679
104843
104917
105186
105231
105455
105465
105475
105561
105644
105657
105826
105857
105995
106063
106113
106173
106210
106287
106485
106510
106722
106741
106778
106831
107167
107249
107261
107292
107375
107459
107492
107625
107763
107793
107876
107918
107976
107997
108015
108116
108132
108197
108294
108326
108348
108423
108461
108496
108550
108565
108651
108959
109034
109164
109192
109201
109257
109312
109577
109661
109765
109846
109913
109921
109972
110027
110111
110148
110374
110433
110450
110506
110551
110553
110579
110750
110802
110815
110888
111011
111242
111365
111370
111448
111491
111530
111543
111644
111669
111680
112237
112304
112464
112515
112558
112572
112594
112653
112754
112848
112870
112924
113120
113227
113235
113292
113391
113405
113434
113464
113515
113571
113640
113799
113913
114001
114013
114028
114274
114442
114717
114741
114866
115068
115154
115521
115573
115616
115773
115941
116069
116096
116185
116201
116335
116424
116632
116747
117293
117307
117427
117494
117864
117878
117970
118063
118109
118346
118450
118523
118605
118798
118986
118999
119055
119156
119391
119473
119664
119710
119802
119959
120043
120191
120334
120518
120566
120582
120622
120657
120868
120925
120927
120968
121175
121253
121295
121351
121533
121789
121861
121930
122029
122047
122080
122171
122215
122332
122359
122547
122881
122999
123007
123047
123477
123650
123712
124075
124212
124229
124299
124391
124397
124463
124575
124656
124677
124711
124780
124826
124840
124891
124950
124976
125021
125046
125071
125084
125100
125114
125195
125356
125464
125794
125826
125933
126231
126262
126318
126373
126431
126470
126586
126684
126716
126724
126997
127050
127213
127244
127312
127506
127535
127689
128021
128230
128547
128695
128739
128790
129006
129146
129296
129419
129538
129597
129655
129683
129743
129830
129859
129916
129942
130138
130204
130378
130461
130752
130819
130956
131016
131370
131450
131484
131795
131806
131837
131944
132051
132103
132265
132294
132396
132504
132623
132681
133011
133055
133058
133079
133088
133190
133377
133436
133438
133473
133505
133516
133522
133535
133550
134075
134080
134091
134141
134182
134250
134287
134342
134370
134518
134543
134670
134839
134955
134965
135050
135079
135181
135469
135476
135518
135522
135525
135701
135816
135831
135867
135909
136034
136089
136103
136133
136184
136234
136263
136272
136338
136440
136487
136633
136692
136694
136799
137010
137089
137177
137573
137887
138016
138233
138255
138321
138323
138329
138353
138401
138481
138500
138515
138559
138576
138595
138662
138690
138843
139006
139146
139286
139288
139593
139646
139664
140022
140058
140092
140356
140446
140487
140498
140592
140649
140760
140823
141008
141014
141015
141379
141499
141503
141518
141524
141599
141631
141665
142521
142527
142578
142609
142658
142874
142893
142936
143001
143353
143354
143355
143385
143427
143460
143498
143629
143840
143932
143935
144055
144115
144335
144337
144473
144527
144537
144576
145042
145091
145137
145497
145704
145748
145859
145920
146073
146136
146201
146258
146272
146283
146319
146393
146429
146649
146703
146786
146893
147077
147096
147179
147380
147429
147489
147503
147659
147687
147827
147890
147903
148056
148075
148087
148170
148210
148269
148461
148523
148536
148629
148672
148742
148749
148777
148962
149079
149091
149205
149417
149674
149717
149729
149748
149890
150422
150461
150926
151209
151451
151478
151780
151923
152016
152120
152195
152238
152317
152328
152345
152391
152411
152443
152544
152622
152675
152770
152818
152937
152960
152972
152979
153067
153151
153334
153382
153396
153477
153491
153680
153748
153959
154016
154118
154259
154280
154321
154327
154369
154457
154460
154648
154651
154714
155144
155347
155442
155482
155543
155891
155995
156014
156250
156261
156278
156286
156378
156520
156614
156670
156715
156732
156775
156837
156838
156963
157284
157334
157465
157851
158185
158241
158405
158482
158533
158578
158709
158892
159129
159138
159413
159544
159711
159765
160130
160141
160230
160309
160511
160552
160656
160727
160736
161031
161127
161231
161433
161438
161454
161581
161678
161685
161733
161750
161995
162005
162024
162045
162081
162123
162125
162260
162407
162722
162821
163062
163121
163285
163318
163401
163564
163720
163807
163905
164266
164271
164621
164638
164680
164725
164913
165051
165068
165181
165233
165410
165495
165615
165626
165639
165661
165749
165860
165978
165981
166090
166111
166288
166812
166922
167128
167131
167225
167284
167351
167410
167578
167655
167681
167726
167811
167839
167843
167934
168213
168299
168413
168440
168527
168875
168967
169086
169088
169139
169188
169264
169290
169404
169544
169571
169773
169800
170012
170062
170231
170291
170472
170546
170559
170677
170748
170817
170839
171068
171242
171434
171477
171522
171555
171575
171769
171797
172132
172293
172313
172320
172338
172411
172617
172738
172742
172943
173141
173203
173252
173412
173479
173658
173707
173920
174019
174075
174175
174527
174753
174790
175070
175146
175160
175281
175329
175384
175498
175500
175571
175649
175697
175760
175791
175841
175900
176073
176104
176139
176155
176172
176288
176416
176613
176624
176656
176733
176763
176765
176944
177116
177123
177152
177219
177511
177775
177787
177837
177839
177949
178060
178173
178194
178233
178238
178264
178332
178392
178541
178606
178764
179123
179189
179473
179483
179703
179707
180033
180275
180322
180336
180442
180536
180726
180768
180839
180972
181224
181252
181289
181296
181385
181418
181513
181592
181732
181762
181784
181905
181952
181986
182045
182055
182196
182282
182309
182411
182562
182685
182711
183017
183045
183056
183073
183271
183353
183393
183413
183738
183902
183964
184163
184219
184399
184415
184566
184843
184898
185062
185113
185132
185267
185364
185512
185631
185689
185748
185765
185885
185920
185921
185941
185965
186046
186055
186058
186237
186308
186581
186771
186941
187156
187184
187245
187290
187877
188132
188157
188159
188162
188248
188389
188483
188495
188522
188565
188607
188686
188908
189069
189086
189247
189281
189321
189322
189437
189700
189756
189783
189821
189822
189863
189905
189966
190233
190439
190517
190700
190949
191000
191152
191268
191273
191319
191424
191448
191470
191480
191626
191821
191845
191958
191970
192011
192056
192190
192226
192369
192540
192624
192643
192923
193003
193048
193112
193203
193371
193465
193497
193628
193669
193724
193873
194001
194128
194195
194260
194368
194627
194640
194727
194781
194900
194921
195021
195171
195255
195270
195453
195460
195633
195679
195691
195774
195794
195826
195991
196017
196383
196471
196548
196560
196813
196842
196869
197087
197217
197408
197577
197629
197642
197682
197687
197728
197745
197814
197909
197925
198043
198184
198194
198240
198279
198428
198466
198744
198853
199097
199102
199108
199204
199215
199326
199352
199441
199740
199750
199880
199907
199976
200011
200140
200156
200202
200207
200283
200328
200362
200371
200419
200508
200514
200675
200702
200727
200885
201116
201305
201334
201358
201380
201522
201532
201544
201604
201611
201630
201656
201668
201699
201746
201816
201825
201937
202046
202146
202259
202317
202340
202390
202577
202586
202767
203051
203292
203322
203339
203342
203425
203472
203500
203563
203580
203607
203612
203632
203686
203804
203940
203982
203989
204046
204070
204196
204306
204569
204703
204768
204781
204869
204962
205115
205154
205219
205260
205325
205519
205615
205678
205815
205917
206060
206110
206218
206238
206284
206310
206337
206359
206396
206465
206577
206719
206895
207202
207245
207253
207313
207593
207600
207678
207997
208170
208207
208372
208401
208464
208549
208650
208707
208743
209125
209277
209303
209313
209334
209463
209693
209701
209747
209857
209898
209964
210018
210062
210064
210221
210230
210257
210285
210316
210345
210414
210600
210722
210748
210855
211012
211035
211254
211309
211333
211686
211814
211895
211901
212030
212038
212198
212211
212287
212417
212535
212718
212719
212788
212815
212934
213068
213238
213297
213419
213423
213557
213695
213721
213901
213959
214268
214395
214407
214492
214567
214754
214845
214902
214952
214988
214990
215249
215286
215399
215401
215408
215449
215627
215666
215739
216015
216224
216246
216436
216462
216464
216468
216509
216521
216660
216673
216681
216691
216696
216703
216743
216745
216927
216929
217071
217107
217259
217281
217356
217601
217615
217634
217815
218632
218726
218760
218769
218904
218918
219086
219132
219239
219307
219386
219508
219594
219863
219948
220243
220308
220414
220548
220781
221294
221304
221401
221489
221545
221595
221617
221728
221793
221915
221929
221933
221991
222203
222215
222329
222525
222535
222619
222725
222738
222799
222831
222886
222904
222992
223030
223054
223131
223191
223211
223250
223400
223402
223460
223585
223765
223901
223919
224292
224393
224403
224409
224637
224917
225168
225205
225291
225308
225468
225528
225652
225835
225935
225944
226031
226086
226340
226404
226609
227015
227104
227213
227217
227224
227252
227387
227395
227476
227479
227550
227743
227884
227949
227984
228030
228412
228438
228447
228470
228582
228623
228711
228889
229172
229243
229352
229396
229472
229523
229674
229800
229866
229926
229994
230040
230295
230399
230423
230514
230545
230596
230601
230780
231082
231118
231286
231322
231525
231709
231934
232118
232218
232326
232381
232430
232453
232487
232577
232712
232784
232872
233040
233085
233115
233151
233187
233243
233278
233313
233322
233512
233536
233932
233988
234151
234392
234398
234400
234423
234473
234629
234696
234908
235079
235254
235265
235313
235356
235395
235418
235502
235509
235884
235926
235932
235954
236150
236172
236223
236275
236329
236396
236465
236467
236565
236687
236723
236863
237070
237151
237304
237339
237387
237408
237484
237530
237537
237552
237636
237661
237679
237765
238072
238306
238513
238671
238765
238785
238854
238933
239085
239335
239365
239475
239492
239551
239577
239644
239808
239813
239886
239916
239938
240025
240071
240165
240192
240224
240616
240809
240946
241067
241073
241092
241106
241149
241209
241327
241385
241439
241445
241598
241634
241707
241722
241857
241924
241925
241974
242115
242150
242214
242238
242420
242432
242650
242726
242780
242801
242876
243011
243020
243063
243079
243177
243238
243345
243452
243471
243475
243528
243565
243918
244386
244461
244849
244906
245008
245043
245084
245110
245473
245488
245494
245533
245547
245607
245687
245688
245763
245934
245988
246004
246115
246175
246214
246278
246328
246429
246575
246612
246630
246652
246653
246660
246741
246797
246903
247050
247056
247103
247256
247260
247290
247291
247328
247347
247374
247480
247505
247707
247774
247775
247780
247797
248052
248135
248162
248176
248281
248332
248530
248968
249096
249261
249400
249603
249624
249804
249844
249860
249896
249992
250285
250739
250766
250778
251362
251412
251426
251471
251506
251560
251634
252129
252157
252204
252224
252293
252603
252630
252638
252648
252656
252744
252780
252786
252822
252853
252901
253007
253113
253121
253164
253234
253551
253555
253659
253697
253889
253899
254002
254049
254076
254478
254543
254573
254596
254627
254652
254683
254788
254911
254978
255212
255314
255433
255512
255727
255862
255903
255931
255934
256191
256205
256548
256550
256581
256591
256758
257019
257078
257223
257286
257356
257485
257602
257695
257727
257758
257892
258220
258269
258289
258308
258374
258447
258466
258485
258523
258679
258689
258715
258849
258936
258968
258990
259121
259304
259422
259454
259650
259663
259757
259765
259798
259811
260055
260117
260160
260325
260480
260600
260638
260640
260673
260736
260820
260869
260922
260962
261215
261247
261413
261494
261562
261595
261700
261735
262114
262157
262224
262587
262635
262643
262668
262743
262751
262807
262856
262930
262978
263088
263125
263166
263358
263360
263462
263467
263485
263533
263678
263687
263850
264086
264184
264185
264195
264228
264457
264514
264748
264778
264828
264894
264900
264975
265006
265119
265125
265479
265483
265549
265642
265812
265895
265981
266030
266068
266163
266171
266476
266488
266682
266714
266841
266873
266895
267035
267081
267288
267504
267541
267604
267849
267854
267863
267897
267964
268077
268172
268425
268560
268647
268689
268824
269002
269114
269263
269307
269725
269793
269814
269855
269870
269912
270036
270060
270295
270342
270355
270517
270619
270663
270730
270930
270941
271099
271210
271300
271309
271325
271411
271437
271450
271539
271723
272039
272154
272243
272274
272399
272562
272645
272670
272673
272942
273065
273201
273219
273364
273389
273676
273702
273847
273914
273931
273956
274055
274311
274324
274339
274467
274611
274771
274817
275087
275164
275274
275365
275607
275654
275814
275953
275954
276043
276105
276108
276118
276175
276195
276404
276405
276438
276687
276752
276794
276914
277007
277023
277099
277104
277112
277115
277231
277232
277610
277725
277738
277830
277953
278260
278274
278324
278362
278391
278564
278820
278984
279016
279053
279188
279233
279251
279291
279418
279518
279604
279759
279790
279924
280035
280111
280321
280385
280471
280573
280732
280800
280972
281271
281342
281351
281359
281465
281753
281765
281928
281957
282054
282102
282215
282245
282401
282529
282564
282735
282825
282842
283066
283203
283364
283406
283409
283595
283709
283988
284018
284091
284118
284137
284379
284450
284532
284543
284634
284648
284718
284755
284758
284802
284908
284915
284919
284993
285147
285202
285225
285232
285529
285532
285618
285650
285700
285759
285812
285846
285990
286074
286196
286213
286221
286507
286575
286828
286832
286838
286918
286998
287252
287296
287323
287372
287471
287651
287749
287865
287871
287889
287916
287944
287956
287986
288191
288226
288288
288472
288558
288636
288761
288770
288785
288843
288864
288975
289039
289129
289151
289271
289308
289460
289471
289580
289839
289883
290021
290123
290135
290218
290336
290370
290486
290496
290505
290668
290680
290787
290859
291132
291136
291242
291319
291387
291464
291653
291660
291672
291773
291798
291886
292090
292579
292724
292918
292964
293212
293251
293263
293310
293373
293526
293545
293649
293830
293923
294068
294070
294314
294344
294426
294541
294568
294649
294736
294985
295024
295125
295306
295395
295415
295477
295528
295590
295655
295734
295747
295816
296359
296405
296426
296475
296612
296830
296875
297052
297084
297174
297245
297484
297615
297789
297851
298041
298146
298189
298210
298289
298370
298392
298483
298616
298649
298718
298754
298972
298985
299164
299412
299705
299722
299805
299956
300129
300182
300217
300236
300312
300386
300517
300549
300550
300591
300760
300836
301028
301086
301194
301252
301400
301410
301470
301724
301756
301847
302152
302251
302310
302436
302576
302581
302588
302611
302742
302784
302831
303003
303075
303119
303201
303308
303344
303440
303454
303481
303578
303589
303688
303781
303819
303824
303874
304136
304260
304492
304715
304927
304956
304989
305193
305222
305235
305238
305305
305342
305429
305434
305436
305718
305878
305979
305994
306270
306301
306321
306411
306437
306461
306483
306675
306694
306705
306734
306737
306748
306778
306896
306930
306959
306989
307018
307267
307286
307363
307499
307612
307625
307647
307683
307741
307753
307820
308051
308163
308211
308225
308254
308317
308589
308609
308694
308713
309096
309117
309369
309663
309806
309938
309977
310112
310184
310285
310288
310527
310650
310760
310811
310824
310829
310904
310918
310981
311037
311147
311153
311156
311277
311381
311575
311691
311787
311815
311945
311963
311999
312026
312109
312176
312364
312475
312496
312533
312550
312570
312685
312743
312789
312909
313177
313187
313237
313567
313716
313755
313845
313894
314017
314085
314476
314504
314686
314693
314905
315034
315219
315242
315332
315390
315445
315481
315640
315659
315722
315772
315782
315877
315889
315918
316003
316036
316120
316133
316222
316272
316322
316325
316332
316362
316387
316417
316523
316735
316825
316834
316838
316937
316966
317047
317209
317252
317327
317414
317459
317500
317526
317641
318024
318046
318307
318441
318571
318607
318701
318758
318890
318928
318962
319080
319105
319156
319211
319238
319336
319464
319476
319555
319560
319754
319858
319989
320018
320114
320168
320180
320341
320377
320393
320595
320645
320703
320751
320781
320930
321141
321157
321309
321354
321377
321390
321538
321636
321657
321753
321859
322139
322292
322449
322510
322560
322727
322755
322813
322870
322887
322912
322940
323032
323098
323231
323232
323298
323358
323418
323473
323489
323820
323831
323937
323954
323978
324036
324055
324109
324120
324243
324337
324352
324530
324550
324619
324620
324868
324896
325081
325605
325771
325802
325829
326124
326162
326365
326436
326437
326491
326498
326741
326753
326768
326981
327041
327260
327262
327267
327563
327651
327751
327823
328019
328209
328232
328332
328388
328389
328685
328874
328881
328989
329027
329038
329100
329392
329578
329596
329713
330057
330078
330231
330474
330561
330591
330721
330815
330978
331217
331359
331504
331526
331534
331648
331755
331786
331822
331888
331951
332024
332287
332316
332508
332612
332620
332633
332823
332952
333029
333099
333404
333459
333551
333705
333761
333813
333908
334021
334055
334128
334249
334300
334393
334602
334660
334719
334735
334790
334803
334856
334873
334921
334929
335067
335308
335556
335558
335634
335780
336037
336129
336176
336252
336307
336388
336438
336451
337019
337108
337150
337252
337480
337676
337692
337722
337736
337792
337801
337826
337986
337989
338044
338100
338321
338624
338631
338713
338726
338827
339099
339150
339344
339371
339442
339540
339543
339549
339574
339579
339597
339612
339662
340038
340214
340227
340280
340641
340706
340963
341153
341156
341187
341291
341338
341376
341383
341447
341487
341536
341672
341733
341812
341928
341966
342058
342148
342220
342433
342484
342571
342930
342955
342986
342995
343061
343155
343415
343562
343583
343787
343808
343869
344076
344121
344166
344184
344196
344217
344434
344500
344554
344577
344699
344840
344976
345113
345158
345181
345438
345459
345464
345577
345790
345873
345909
345921
346161
346164
346203
346277
346441
346482
346588
346665
346685
346811
346819
346864
346885
347011
347081
347192
347276
347279
347328
347388
347442
347450
347517
347627
347663
347735
347742
347954
348199
348298
348326
348429
348639
348759
349005
349151
349154
349163
349185
349380
349519
349672
349794
349846
349912
349952
350090
350175
350209
350251
350343
350366
350378
350450
350467
350476
350662
350757
350943
350946
350953
351043
351066
351082
351210
351406
351546
351602
351606
352185
352299
352406
352530
352599
352630
352758
352789
352858
352960
353351
353526
353565
353595
353689
353805
353834
354259
354295
354623
354789
354832
354991
355040
355065
355175
355400
355416
355419
355475
355595
355649
355834
355909
355924
355980
356279
356561
356607
356779
356831
356929
357157
357329
357331
357458
357671
357761
357779
357787
357806
357878
357940
357987
358240
358379
358455
358493
358494
358517
358649
358685
358934
359072
359100
359214
359232
359258
359270
359341
359414
359454
359543
359653
359712
359736
359804
359894
359916
360010
360066
360163
360392
360471
360485
360531
360648
360802
360803
360834
360927
360973
361033
361092
361329
361555
361564
361662
361678
361764
361804
361899
362187
362226
362317
362339
362587
362624
362877
362931
363071
363079
363327
363353
363425
363505
363511
363539
363638
363643
363706
363792
363878
363882
363954
363968
364032
364082
364093
364225
364331
364348
364352
364359
364381
364423
364455
364744
364853
364959
365070
365280
365474
365514
365668
365714
365716
365904
365927
366069
366171
366393
366518
366560
366780
366866
367054
367224
367245
367491
367529
367808
367827
367843
367915
367991
368521
368632
368656
368714
368728
368734
368840
368879
368896
369107
369166
369371
369656
369684
369812
369909
370102
370232
370400
370515
370556
370633
370691
370736
370884
370948
371104
371124
371328
371347
371537
371559
371670
371996
372021
372164
372309
372322
372449
372579
372611
372650
372837
373005
373124
373145
373458
373545
373798
373937
373955
374202
374337
374360
374420
374630
374745
374784
374812
374839
374870
374951
375006
375067
375085
375110
375118
375319
375529
375565
375626
375690
375888
375978
376100
376195
376318
376381
376709
376800
376810
377102
377159
377271
377616
377668
377710
377750
377850
377895
378042
378096
378205
378330
378431
378466
378586
378677
378743
378827
378831
378845
378919
378926
378937
379126
379133
379201
379206
379256
379334
379367
379410
379814
379956
379988
380062
380534
380590
380601
380617
380715
380777
380910
380970
381001
381141
381149
381432
381550
381680
381737
381844
381893
381983
382072
382089
382264
382298
382491
382576
382887
383009
383065
383068
383129
383343
383846
384148
384191
384449
384539
384583
384691
384763
384867
384969
384970
385164
385184
385256
385325
385434
385500
385727
385783
385897
385901
386158
386226
386256
386314
386492
386588
386644
386799
386854
386882
386966
387097
387138
387147
387149
387218
387276
387350
387731
387738
387782
387858
387881
387917
387981
388015
388027
388151
388560
388571
388762
388816
389012
389048
389149
389162
389197
389230
389351
389450
389524
389557
389581
389625
389660
389795
389849
390218
390227
390228
390353
390380
390578
390815
390887
391032
391117
391194
391210
391305
391561
391648
391804
391936
392022
392046
392121
392159
392411
392560
392580
392709
392798
392893
393033
393155
393215
393239
393264
393292
393326
393964
394092
394100
394119
394245
394335
394484
394856
395145
395179
395262
395263
395686
395780
395785
395945
395966
396091
396143
396241
396258
396364
396864
396916
396940
397037
397075
397231
397441
397442
397606
397713
397777
397788
397885
397931
397969
398015
398254
398366
398614
398623
398754
398769
398803
398808
398923
399208
399317
399325
399460
399478
399815
399822
399900
400180
400195
400209
400281
400360
400616
400845
400870
400877
400973
401002
401175
401188
401217
401235
401321
401403
401485
401514
401621
401645
401696
401763
402368
402381
402431
402542
402649
402682
402811
402912
402946
403030
403074
403093
403285
403286
403446
403465
403579
404148
404186
404238
404413
404578
404689
404763
404779
404808
404837
404842
404922
404942
404960
404972
405263
405509
405548
405570
405588
405839
406142
406227
406247
406261
406405
406709
406718
406928
406964
407061
407065
407234
407240
407438
407510
407760
407824
407991
408020
408066
408338
408340
408558
408565
408656
408739
408900
408935
409001
409019
409148
409198
409260
409271
409519
409755
409996
410205
410256
410336
410347
410362
410454
410511
410718
410877
410884
410924
411203
411352
411377
411405
411463
411656
411670
411791
411808
411810
411829
412065
412110
412564
412693
412756
412790
412817
412966
413005
413254
413340
413419
413634
413657
413691
413713
413785
413802
413829
413853
413879
413949
414038
414111
414189
414225
414227
414350
414415
414442
414463
414496
414562
414677
414724
414803
414888
414983
414987
415007
415068
415232
415267
415381
415423
415449
415554
415577
415579
415681
415698
415736
416009
416235
416326
416349
416505
416622
416747
416852
417060
417090
417187
417218
417255
417407
417412
417635
417695
417754
417798
417807
418030
418096
418181
418233
418297
418328
418362
418435
418444
418564
418633
418736
418738
418801
418909
419064
419309
419517
419569
419591
419675
419839
419875
420126
420198
420272
420498
420542
420693
421027
421310
421312
421340
421364
421529
421544
421909
421911
421922
422024
422035
422065
422176
422282
422286
422312
422372
422397
422485
422577
422831
423043
423105
423107
423159
423233
423357
423428
423510
423651
423725
423881
423994
424269
424288
424406
424432
424497
424609
424675
424704
424809
425237
425286
425413
425588
425700
425729
425767
426002
426166
426245
426392
426403
426457
426506
426707
426827
426949
426979
426993
427050
427129
427160
427415
427628
427658
427745
427818
427882
427986
428043
428158
428241
428397
428424
428491
428517
428528
428555
428612
428665
429010
429051
429193
429223
429231
429321
429348
429618
429654
429680
429740
429857
429927
429981
430004
430516
430533
430556
430562
430563
430567
430649
430750
430756
430770
430812
430841
430907
430970
430971
431111
431186
431202
431310
431603
431765
431793
431828
431841
432051
432194
432224
432242
432759
432943
433278
433445
433487
433547
433603
433609
433656
433791
433792
433828
434109
434190
434370
434387
434458
434473
434663
434937
435069
435082
435095
435372
435508
435518
435839
435919
435939
435960
436025
436158
436288
436293
436393
436411
436444
436553
436556
436612
436783
436860
436959
436978
437031
437059
437201
437207
437278
437310
437372
437401
437481
437520
437538
437551
437589
437602
437668
437751
437768
437800
437856
437998
438342
438407
438549
438577
438595
438689
438696
438697
438714
438723
438796
439069
439082
439104
439116
439141
439259
439355
439388
439403
439478
439492
439732
439787
439795
439984
440084
440127
440132
440165
440397
440463
440524
440606
440677
440715
440909
441190
441327
441336
441497
441552
441571
441629
442032
442220
442239
442312
442729
442878
442885
443044
443048
443050
443080
443088
443112
443273
443303
443516
443566
443664
443736
443974
443994
444016
444091
444145
444492
444521
444550
444796
444831
445097
445161
445583
445670
445780
445913
445914
445935
445950
446033
446084
446126
446144
446167
