48
81
127
270
323
870
894
913
954
955
1182
1218
1223
1310
1342
1362
1366
1451
1787
1858
1864
1981
2017
2034
2035
2080
2351
2356
2361
2716
2767
2777
2975
3017
3030
3142
3148
3214
3282
3439
3467
3473
3542
3622
3654
3835
3963
4018
4075
4116
4144
4214
4238
4278
4368
4625
4640
5008
5022
5129
5217
5415
5433
5453
5544
5615
5753
5768
5819
5862
5993
6151
6202
6295
6297
6435
6509
6687
6732
6806
7200
7209
7315
7462
7754
7883
7928
7965
8188
8332
8372
8512
8634
8873
9160
9246
9335
9487
9510
9655
9691
9778
9788
9927
9976
10335
10356
10381
10500
10555
10565
10606
10791
10807
10832
10961
11122
11234
11361
11472
11481
11501
11537
11624
11694
11735
11749
11893
12013
12056
12151
12271
12409
12440
12461
12551
12557
12809
12858
12954
13178
13210
13219
13268
13316
13322
13444
13460
13622
13846
13866
13931
13940
13978
14023
14066
14144
14219
14243
14277
14437
14466
14480
14572
14648
14655
14667
14739
14740
14827
14828
14942
14947
15034
15047
15218
15394
15717
15827
16003
16008
16171
16198
16278
16289
16451
16542
16682
16711
16945
17035
17042
17076
17154
17206
17222
17384
17705
17797
17832
17902
17929
17986
18234
18255
18361
18406
18408
18531
18634
18638
18681
18689
18742
18905
19112
19137
19231
19408
19413
19498
19928
19990
19997
20131
20428
20483
20484
20487
20551
20631
20853
21018
21145
21287
21446
21521
21526
21527
21599
21693
22213
22244
22250
22417
22499
22553
22914
23083
23240
23304
23320
23494
24050
24157
24214
24394
24421
25377
25436
25449
25648
25900
25953
25975
25982
26059
26393
26447
26511
26668
26790
26843
26990
27186
27373
27510
27549
27582
27612
27674
27701
27797
27899
27962
28002
28059
28151
28233
28244
28249
28296
28326
28367
28417
28445
28732
28743
28832
28837
29174
29260
29393
29517
29737
29918
29940
30211
30396
30429
30629
30649
30782
31301
31387
31566
31651
31652
31670
31733
31750
31763
31897
31933
32046
32051
32237
32273
32413
32426
32459
32518
32519
32525
32623
32787
32907
32913
32928
32972
32996
33048
33078
33216
33251
33254
33263
33276
33298
33303
33344
33454
33537
33602
33640
33656
33749
33781
33832
33891
33941
33959
34007
34146
34210
34442
34540
34617
34687
34897
34909
35136
35172
35233
35307
35462
35481
35495
35519
35688
35767
35884
35886
36056
36143
36234
36417
36431
36500
36510
36534
36558
36575
36604
36625
36640
36730
36881
36936
36980
37014
37097
37119
37258
37475
37481
37566
37732
37870
38040
38219
38372
38466
38520
38556
38649
38788
38801
39010
39054
39249
39322
39484
39491
39501
39504
39513
39517
39539
39638
39702
39856
40169
40232
40315
40333
40385
40453
40609
40662
40795
40821
40892
40910
41137
41153
41250
41362
41424
41638
41676
41788
41868
41974
42084
42100
42111
42174
42245
42275
42375
42732
42759
42788
42999
43083
43250
43252
43277
43286
43310
43319
43333
43416
43422
43532
43536
43717
43885
43953
43990
44015
44104
44180
44314
44421
44645
44690
44787
44933
44972
44995
45367
45402
45446
45496
45719
45738
45824
45848
45946
45964
45999
46187
46294
46304
46358
46435
46545
46669
46731
47184
47238
47307
47346
47379
47386
47510
47576
47666
47687
48053
48345
48534
48598
48773
48856
49042
49052
49159
49629
49708
49895
49902
49933
49966
50011
50122
50129
50187
50248
50257
50301
50383
50403
50505
50507
50787
50788
50991
51152
51328
51334
51342
51402
51479
51487
51532
51548
51796
51861
51897
51910
52000
52086
52121
52321
52360
52401
52687
52761
52814
52909
53246
53249
53325
53435
53437
53460
53723
53783
53785
53794
53795
53891
53901
53905
53917
54004
54080
54082
54100
54143
54232
54536
54602
54646
54758
54779
54787
54820
55001
55024
55067
55142
55164
55263
55319
55400
55754
55860
55897
55901
55910
56120
56248
56295
56395
56399
56531
56572
56629
56763
56768
56825
57058
57115
57154
57298
57492
57559
57605
57785
57880
57900
57907
57953
58077
58111
58308
58345
58349
58500
58608
58624
58676
58735
58855
58921
59010
59091
59122
59438
59472
59529
59567
59755
59928
60403
60510
60552
60631
60727
60768
60850
61115
61133
61175
61192
61280
61296
61393
61470
61533
61548
61601
61728
61968
62053
62074
62228
62235
62268
62431
62456
62691
62710
62919
62985
63278
63391
63453
63591
63695
63707
63727
63928
64003
64082
64109
64381
64550
64561
64643
64750
64939
64957
65014
65165
65197
65229
65384
65487
65602
65618
65621
65736
65744
65962
65966
65968
66026
66152
66249
66371
66376
66680
66794
67025
67086
67110
67439
67557
67726
67793
67852
67935
67967
68268
68455
68598
68794
68824
68836
69034
69140
69141
69214
69360
69497
69600
69686
69893
69927
69968
70067
70071
70261
70283
70287
70522
70601
70633
70678
70790
71008
71195
71343
71365
71445
71514
71665
71735
71898
71922
71930
71991
72285
72346
72458
72522
72678
72710
72833
72838
72870
72934
72988
73042
73043
73066
73159
73305
73458
73518
73617
73700
73914
74044
74259
74278
74566
74573
74592
74619
74628
74696
74703
74784
74805
74996
75028
75280
75540
75648
75768
75845
75942
76026
76152
76159
76231
76402
76533
76667
76704
76769
76904
76963
77123
77181
77460
77504
77597
78043
78137
78290
78418
78448
78760
79091
79121
79142
79288
79507
79655
79665
79985
80461
80503
80539
80626
80824
80874
81042
81321
81434
81435
81615
81712
81803
81969
81980
81992
82118
82303
82501
82542
82672
83070
83099
83240
83320
83365
83605
83657
83809
83869
83909
83946
84021
84050
84052
84158
84430
84474
84663
84694
84703
85098
85125
85263
85525
85549
85786
86004
86031
86068
86118
86333
86541
86675
86697
86712
86747
86851
87144
87198
87293
87363
87390
87429
87690
87846
87910
88156
88303
88308
88320
88387
88433
88562
88631
88829
88855
88933
88980
89034
89060
89096
89163
89350
89400
89559
89876
89879
89925
90084
90181
90233
90500
90579
90616
90751
90772
90775
90779
90814
90905
90930
91039
91160
91261
91319
91328
91569
91744
91767
92107
92289
92346
92559
92738
92903
93083
93221
93507
93570
93600
93671
93693
93752
93828
93851
94109
94131
94290
94541
94889
95034
95220
95255
95383
95443
95451
95609
95698
95716
95749
95986
96087
96270
96383
96429
96438
96446
96516
96576
96802
96833
96861
97057
97375
97403
97419
97491
98003
98023
98208
98262
98321
98409
98429
98496
98517
98552
98573
98574
98613
98802
98895
98924
99082
99088
99126
99310
99431
99448
99475
99751
99780
100025
100071
100214
100474
100507
100523
100575
100616
100685
100857
100862
100873
100904
100968
101014
101072
101112
101131
101287
101288
101365
101615
101688
101867
101871
101878
101949
101957
102019
102063
102127
102295
102382
102421
102529
102532
102570
102596
102630
102701
102706
102711
102716
102755
102757
102807
102932
103059
103102
103149
103186
103280
103297
103298
103364
103510
103602
103634
103646
103691
103799
103954
104029
104139
104146
104164
104204
104367
104466
104671
104911
104928
104955
105079
105146
105298
105381
105465
105488
105546
105593
105638
105716
105903
105992
106125
106134
106364
106481
106647
106657
106735
106824
106892
107031
107398
107553
107566
107613
108104
108214
108233
108257
108371
108449
108531
108549
108604
108712
109022
109051
109197
109296
109298
109590
109664
109693
109720
109724
109883
109941
110112
110284
110403
110697
110743
110783
110848
110854
110855
111318
111335
111372
111492
111715
111818
111910
112071
112125
112135
112174
112249
112267
112272
112286
112360
112367
112534
112564
112609
112793
113244
113472
113614
113653
113687
113698
113699
113719
113840
113858
113883
113890
114360
114541
114622
114662
114720
114883
114898
114951
114958
115072
115093
115244
115588
115615
115726
115753
116064
116174
116255
116290
116325
116494
116559
116629
116683
116687
116816
116827
117148
117427
117566
117587
117863
117870
117886
117925
118147
118321
118547
118566
118607
118715
118817
118923
119042
119138
119181
119185
119295
119445
120080
120143
120170
120463
120553
120591
120821
120840
120927
121140
121193
121267
121270
121590
121626
121713
121772
121989
122288
122331
122334
122805
122818
122859
123160
123389
123405
123481
123554
123722
123766
123876
123942
124056
124105
124189
124362
124479
124481
124592
124611
124624
124749
124904
124915
125009
125028
125227
125303
125389
125497
125522
125558
125590
125708
125781
125792
125879
125881
126155
126191
126359
126403
126413
126470
126480
126506
126523
126555
126968
126987
127170
127335
127346
127355
127390
127422
127591
127843
127889
127940
127942
127956
127974
128028
128313
128360
128424
128450
128638
128776
128800
128874
129187
129273
129303
129446
129652
129729
130009
130171
130326
130407
130409
130424
130431
130449
130541
130578
130649
130776
130842
130858
130885
130929
130974
130988
131017
131036
131063
131135
131488
131499
131770
131791
131839
131869
132022
132117
132136
132299
132318
132390
132926
133016
133039
133066
133068
133465
133795
133879
133893
134063
134096
134245
134392
134458
134507
134689
134784
134921
134952
134977
135096
135155
135165
135215
135534
135546
135609
135933
135983
136167
136201
136420
136436
136453
136566
136591
136706
136708
136787
136812
137009
137104
137144
137159
137520
137542
137570
137688
137802
137865
137904
137930
137932
137963
137971
137981
137997
138011
138111
138149
138208
138689
138781
138860
138914
139079
139112
139292
139362
139386
139474
139504
139516
139775
139834
140042
140070
140179
140200
140250
140299
140475
140647
140696
140800
140883
141019
141070
141074
141177
141184
141211
141285
141347
141492
141520
141615
141696
141752
141878
141885
142062
142068
142104
142236
142280
142336
142341
142658
142721
142861
142894
142944
143032
143079
143214
143288
143581
143666
143681
143753
143763
143870
144007
144015
144050
144051
144227
144242
144301
144311
144561
144570
144578
144851
144952
144984
145417
145487
145666
145776
146018
146103
146162
146374
146382
146462
146492
146609
146678
146745
146851
147211
147254
147467
147588
147904
148022
148051
148153
148164
148232
148257
148282
148526
148594
148626
148654
148667
148769
148771
148774
148832
148892
148900
148908
149106
149191
149211
149212
149251
149275
149286
149354
149448
149501
149549
149605
149636
149966
150511
150592
150661
150729
150784
150830
151043
151115
151417
151444
151447
151450
151509
151689
151744
151974
151999
152039
152094
152183
152344
152409
152442
152456
152587
152696
152858
152871
152878
152994
153068
153092
153116
153124
153281
153314
153336
153554
153622
153690
153712
153801
153863
153952
154110
154184
154243
154318
154408
154433
154472
154580
154642
154960
155005
155037
155197
155205
155210
155281
155296
155300
155506
155550
155848
155926
155928
156229
156449
156509
156514
156531
156704
156848
156921
157032
157218
157219
157303
157323
157534
157569
157651
157663
157854
158080
158113
158336
158378
158539
158622
158695
158738
158781
158782
158929
159051
159076
159110
159242
159290
159307
159372
159429
159438
159501
159839
159864
159867
159930
160048
160076
160258
160261
160286
160353
160365
160406
160462
160532
160714
160733
160745
161007
161269
161306
161328
161437
161615
161662
161668
161773
161816
161858
161940
162114
162376
162454
162555
162689
162708
162950
163030
163057
163063
163098
163111
163385
163458
163510
163574
163661
163694
163750
164140
164168
164209
164247
164259
164422
165013
165110
165245
165477
165655
165709
165724
165897
165912
166182
166385
166393
166559
166657
166767
166816
166942
167006
167023
167255
167269
167310
167384
167407
167487
167506
167713
167725
167771
167846
167875
167878
167922
167977
167999
168072
168172
168252
168324
168361
168454
168519
168521
168626
168627
168668
168944
168956
169043
169046
169211
169305
169339
169417
169454
169551
169579
169584
169663
169948
170002
170016
170036
170524
170540
170595
170643
170770
170797
170838
171228
171334
171429
171491
171639
171731
171737
171948
171974
171993
172101
172202
172245
172311
172426
172430
172443
172515
172551
172585
172653
172816
172836
172924
172969
173008
173096
173141
173163
173171
173180
173223
173274
173323
173329
173440
173567
173605
173702
173780
173799
173804
173824
173988
174015
174230
174243
174262
174646
174734
174738
175014
175160
175175
175292
175337
175501
175629
175653
175698
175749
175792
175803
175929
176055
176198
176304
176425
176507
176521
176539
176719
176763
176875
176893
176926
177108
177121
177151
177176
177277
177381
177410
177567
177653
177686
177943
177945
178003
178035
178744
178956
178965
179047
179067
179105
179138
179152
179382
179486
179543
179722
179744
179764
179804
179816
179862
179952
180088
180220
180234
180245
180249
180778
180822
180884
180966
181033
181054
181084
181425
181591
181655
181660
181736
181898
181922
182069
182194
182201
182245
182264
182310
182391
182509
182599
182652
182672
182675
182678
182710
182737
182758
182960
183121
183278
183400
183482
183584
183688
183757
183822
183858
183862
183917
184077
184097
184252
184281
184398
184601
184637
184711
184746
184766
184836
184917
185066
185388
185393
185436
185501
185605
185899
185937
186111
186383
186512
186514
186593
186615
186644
186784
186867
187021
187080
187333
187413
187445
187535
187638
187656
187663
187699
187757
187818
188126
188287
188605
188765
188808
189033
189043
189184
189409
189492
189580
189596
189719
189734
189829
189911
189923
190069
190089
190333
190356
190376
190426
190493
190683
190724
190730
190751
190918
191065
191092
191312
191351
191368
191400
191434
191460
191473
191517
191590
191854
191919
192039
192168
192356
192363
192473
192646
192776
192824
192897
193226
193412
193500
193507
193623
193693
193881
193967
194032
194047
194123
194136
194214
194347
194454
194625
194732
194751
194832
194878
194900
194986
195035
195083
195132
195287
195310
195358
195569
195653
195752
195777
195783
195813
195836
195878
195949
196016
196200
196208
196209
196382
196426
196484
196642
196660
196678
196830
196838
196981
197058
197422
197423
197487
197615
197667
197772
197824
197914
198098
198210
198238
198328
198359
198453
198504
198528
198612
198702
198707
198880
199074
199154
199264
199326
199333
199413
199444
199565
199618
199692
199844
199971
200104
200121
200122
200263
200297
200339
200345
200405
200469
200625
200695
200961
201121
201455
201549
201576
201584
201626
201634
201659
201803
201942
202033
202085
202150
202333
202552
202588
202661
202804
202856
202876
202891
202950
203029
203098
203122
203215
203298
203331
203763
203802
203809
203949
203968
204019
204068
204097
204156
204195
204264
204319
204390
204405
204923
204966
205471
205492
205525
205673
205690
205758
205841
206113
206171
206227
206440
206773
206814
207005
207018
207037
207057
207138
207250
207342
207401
207429
207444
207606
207656
207690
207825
207836
207840
207868
208121
208147
208337
208462
208477
208762
208765
209071
209139
209150
209215
209221
209298
209310
209352
209401
209499
209528
209619
209772
209844
209935
210248
210276
210391
210411
210622
210692
210712
210766
210908
210915
211401
211540
211581
211639
211752
211821
211878
211987
212005
212042
212055
212077
212220
212276
212365
212552
212766
212796
212856
212950
213005
213117
213134
213172
213258
213264
213275
213340
213355
213504
213613
213630
213654
213668
213720
213802
213943
214069
214161
214296
214430
214480
214493
214508
214663
214733
214840
214908
215002
215085
215221
215238
215374
215470
215503
215737
215844
215876
215968
216032
216158
216265
216276
216335
216341
216466
216468
216487
216619
216714
217028
217037
217167
217204
217285
217291
217296
217476
217529
217536
217785
217830
217846
218018
218037
218394
218497
218519
218684
218821
218881
218970
218976
219179
219402
219503
220246
220290
220291
220320
220321
220423
220441
220565
220678
220774
220836
220917
221084
221093
221210
221397
221447
221528
221579
221593
221823
222023
222072
222104
222271
222528
222590
222597
222685
222694
223086
223144
223203
223314
223428
223769
223889
223916
223986
224195
224197
224273
224290
224387
224814
224936
225000
225107
225201
225202
225345
225354
225452
225563
225735
225820
225843
225885
225898
225938
226081
226260
226340
226504
226529
226613
226732
226748
226950
227012
227013
227057
227070
227112
227196
227236
227336
227433
227447
227490
227617
227667
227783
227861
227881
227959
228026
228059
228165
228201
228220
228235
228297
228347
228655
228745
228748
228755
228821
228953
228984
228988
229236
229253
229334
229526
229536
229796
229843
229941
230005
230341
230418
230548
230613
230724
230748
230764
230960
231026
231143
231176
231282
231563
232114
232361
232520
232654
232676
232689
232722
232821
232859
233154
233498
233567
233600
233624
233797
233939
234049
234089
234098
234253
234459
234629
234725
234834
234965
235020
235041
235044
235094
235244
235293
235466
235540
235629
235638
235813
235908
235915
235943
236003
236083
236137
236138
236223
236453
236520
236617
236784
236789
236806
236814
237058
237111
237249
237329
237353
237359
237372
237455
237606
237628
237648
237750
237816
237915
237966
238014
238073
238076
238098
238100
238114
238156
238309
238381
238486
238528
238816
238830
238874
238986
238990
239075
239133
239185
239186
239270
239294
239331
239426
239478
239491
239569
239639
239684
239722
239829
239900
240116
240332
240363
240419
240460
240485
240502
240515
240671
240736
240761
240769
240838
240842
240952
241021
241023
241129
241270
241706
241924
241991
242088
242184
242233
242326
242802
242883
242952
243005
243044
243081
243122
243148
243189
243497
243738
243796
243817
243891
244044
244097
244142
244181
244193
244199
244339
244432
244596
244611
244799
244928
244951
244982
245016
245174
245260
245376
245516
245523
245560
245634
245683
245813
245953
246051
246131
246149
246160
246196
246349
246369
246380
246405
246416
246473
246482
246645
246682
246724
246744
246855
246991
247343
247415
247480
247653
247718
247768
247820
247850
247879
248037
248059
248097
248113
248146
248180
248193
248315
248371
248484
248733
248812
249177
249368
249441
249455
249484
249641
249669
249905
249932
249941
250038
250095
250227
250295
250300
250422
250463
250546
250838
250973
251059
251079
251147
251149
251189
251307
251357
251428
251525
251555
251564
251574
251919
251978
252081
252199
252224
252225
252299
252331
252361
252769
252872
253218
253311
253392
253415
253477
253539
253619
253648
253690
253723
253788
253812
253964
253990
254259
254286
254314
254361
254487
254593
254639
254646
254956
255060
255180
255261
255377
255405
255448
255535
255548
255642
255655
255937
255992
256010
256093
256181
256219
256310
256545
256555
256976
256997
257228
257442
257562
257683
257709
257805
257924
257952
258043
258504
258541
258621
258698
258793
258911
259147
259172
259371
259548
259564
259673
259766
259785
259855
259882
259939
259960
259980
260083
260120
260156
260289
260378
260412
260528
260654
260802
261134
261186
261364
261402
261492
261664
261860
261890
262112
262200
262247
262536
262668
263042
263052
263196
263202
263236
263258
263305
263333
263363
263410
263481
263546
263678
263736
263842
264061
264117
264145
264190
264326
264761
264768
265128
265165
265296
265504
265581
265741
265985
266005
266175
266412
266456
266597
267082
267088
267148
267631
267762
267870
267912
268026
268049
268110
268210
268318
268334
268379
268655
268672
268694
268780
268836
268920
268923
269128
269217
269234
269346
269359
269579
269670
269731
269733
269761
269930
270046
270215
270353
270398
270451
270544
270571
270575
270717
270730
270867
270910
270982
271190
271308
271310
271645
271692
271736
271957
272134
272201
272274
272450
272647
272665
272674
272776
272814
273087
273110
273225
273262
273303
273398
273423
273564
273644
274113
274328
274365
274487
274491
274546
274797
274882
274936
275031
275079
275153
275185
275307
275449
275591
275669
275693
275698
275788
275801
275834
275843
275994
276030
276182
276573
276599
276675
276684
276701
276781
276878
276911
277037
277229
277231
277334
277336
277381
277645
277899
278078
278127
278180
278436
278479
278501
278903
278925
278939
279067
279122
279197
279204
279208
279376
279456
279477
279491
279505
279530
279616
279627
279689
280028
280304
280701
280711
280847
280850
281037
281155
281322
281424
281463
281585
281987
282001
282065
282179
282218
282391
282526
282541
282546
282582
282599
282634
282655
282659
282691
282897
283234
283304
283353
283424
283553
283672
283738
283842
284093
284094
284224
284290
284384
284549
284654
284737
284812
284921
284939
285091
285275
285565
285601
285693
285712
285836
285859
285883
285921
285981
286149
286236
286240
286269
286302
286325
286484
286821
287122
287354
287375
287429
287458
287565
287598
287617
287691
287855
287908
287953
288166
288180
288389
288429
288449
288775
288804
289078
289152
289237
289342
289453
289486
289524
289549
289652
289657
289688
289824
289958
290323
290370
290376
290664
290729
290879
290902
291003
291042
291052
291079
291111
291152
291153
291157
291175
291202
291270
291459
291531
291703
291792
291849
291981
291984
291994
292144
292180
292202
292469
292498
292514
292595
292651
292658
292803
293126
293322
293396
293417
293441
293557
293604
293624
293659
293679
293784
293787
294009
294052
294109
294201
294213
294231
294495
294579
294615
294938
295105
295124
295251
295279
295486
295544
295549
295748
295939
295954
296001
296005
296117
296284
296396
296444
296746
296837
296841
297017
297045
297078
297089
297554
297689
297734
297788
297944
297970
297982
298100
298111
298351
298423
298544
298580
298634
298793
299396
299517
299522
299551
299619
299790
299822
299969
300135
300237
300241
300277
300422
300468
300488
300715
300814
300915
301217
301555
301722
301949
302341
302358
302448
302509
302561
302715
302739
302778
302865
302960
303016
303147
303180
303248
303340
303460
303469
303515
303571
303751
303758
303769
304082
304211
304305
304346
304505
304550
304834
305026
305259
305284
305462
305513
305521
305629
305732
305851
305882
306060
306212
306310
306425
306426
306513
306556
306577
306694
306845
306933
307128
307257
307275
307386
307460
307583
307597
307611
307632
308053
308153
308318
308446
308514
308548
308668
308687
308721
308896
309173
309188
309192
309266
309298
309482
309900
309909
309910
309976
310001
310014
310058
310133
310181
310523
310550
310630
310847
311064
311089
311095
311194
311223
311242
311276
311380
311608
311649
311691
311855
311932
311984
311998
312164
312235
312370
312415
312493
312579
312670
312673
312730
312819
312876
312940
313104
313184
313266
313285
313293
313299
313347
313381
313386
313599
313658
313680
313718
313869
313879
313886
313903
313939
314129
314354
314658
314800
314828
314877
315090
315152
315193
315377
315565
315639
315768
315832
316216
316263
316277
316403
316410
316521
316575
316653
316812
316877
316910
317023
317066
317149
317175
317253
317361
317391
317657
317730
317805
317845
317862
318053
318139
318290
318377
318556
318702
318796
318945
318982
319123
319245
319248
319575
319579
319594
319787
319869
319984
320157
320324
320507
320558
320809
320830
320991
320998
321023
321115
321193
321210
321240
321304
321459
321500
321516
321556
321696
321980
322145
322203
322263
322379
322596
322844
323066
323089
323231
323268
323327
323382
323624
323637
323882
324035
324086
324144
324424
324536
324564
324799
324811
325167
325219
325591
325621
325741
325880
325885
325895
326106
326248
326258
326267
326311
326435
326645
326666
327060
327132
327147
327238
327259
327277
327281
327287
327474
327495
327638
327701
327944
327963
328050
328155
328165
328238
328254
328382
328560
328564
328783
328819
328831
328945
329009
329020
329058
329162
329335
329355
329401
329501
329561
329617
329630
329688
329767
329780
329849
330005
330191
330193
330299
330301
330511
330512
330586
330627
330699
330749
330775
330788
330817
330827
330850
330859
330874
330974
330978
331082
331270
331271
331294
331323
331340
331345
331667
331701
331813
331894
332096
332134
332203
332472
332522
332545
332771
332816
332899
332909
332949
333053
333176
333521
333762
333992
334194
334242
334337
334368
334370
334395
334534
334598
334804
334949
335085
335178
335254
335267
335336
335374
335520
335623
335638
335735
335831
335838
335996
336297
336318
336321
336364
336604
336641
336665
336700
336793
336903
336969
337010
337036
337210
337369
337575
337588
337921
338093
338223
338263
338305
338337
338588
338620
338624
338667
338767
338817
338820
338836
338841
338922
338923
338956
339063
339239
339262
339332
339342
339391
339477
339561
339683
339764
339766
339820
339994
340259
340407
340427
340527
340532
340763
340851
340932
341018
341293
341357
341445
341508
341572
341737
341954
341967
342044
342075
342099
342132
342616
342636
342640
342660
342693
342781
343032
343074
343075
343173
343800
343831
344135
344138
344189
344222
344441
344452
344509
344537
344864
344882
345012
345062
345119
345349
345403
345550
345671
345691
345773
345851
346101
346261
346358
346409
346531
346599
346727
346851
346958
347031
347062
347096
347110
347158
347339
347414
347424
347579
347639
347725
347952
348106
348279
348332
348423
348495
348590
348704
348887
348961
349033
349394
349511
349619
349812
349972
349973
350063
350084
350331
350337
350487
350533
350536
350707
351095
351158
351199
351210
351410
351470
351476
351509
351512
351574
351819
351836
351853
352020
352264
352313
352365
352561
352568
352663
352805
352885
352944
352973
353116
353261
353491
353591
353673
353692
353825
354132
354454
354526
354538
354704
354832
354853
355043
355073
355148
355375
355419
355481
355497
355974
355982
356028
356045
356175
356486
356602
356609
356769
356874
357123
357249
357255
357460
357518
357787
357833
357868
358046
358135
358183
358498
358552
358564
358602
358705
358766
358838
358959
359037
359103
359175
359271
359275
359284
359294
359339
359420
359481
359485
359577
359587
359616
359799
359820
359850
359949
360020
360065
360069
360086
360344
360449
360496
360499
360576
360635
360832
360841
361048
361059
361243
361350
361412
361463
361470
361473
361539
361705
362138
362246
362269
362473
362490
362545
362675
362737
362757
363032
363088
363187
363678
363733
363758
363786
363883
364040
364178
364277
364329
364405
364634
364762
364818
364884
365058
365468
365593
365807
365931
366109
366127
366298
366575
366639
366738
366765
366773
366841
366881
366937
367076
367324
367485
367521
367549
367581
367612
367778
368007
368157
368442
368455
368540
368638
368661
368836
369003
369024
369163
369213
369239
369257
369467
369491
369537
369541
369700
370172
370175
370220
370661
370790
370814
370927
370949
371116
371163
371202
371229
371376
371377
371760
371790
372129
372239
372320
372698
372786
372852
372867
372949
372953
373005
373020
373031
373125
373237
373317
373484
373491
373598
373832
373847
373878
373907
374149
374222
374686
374690
374777
374930
374971
374980
375116
375234
375322
375356
375526
375533
375619
375701
375880
376101
376168
376443
376744
376769
376940
377003
377080
377106
377144
377180
377200
377383
377459
377484
377521
377563
377673
377674
377715
377820
377966
378239
378378
378407
378466
378476
378690
378781
378857
378997
379024
379053
379139
379140
379467
379498
379598
379660
379846
380169
380233
380264
380276
380325
380373
380383
380479
380661
380722
380847
380971
381004
381193
381258
381744
381855
381878
382054
382134
382187
382221
382392
382447
382526
382562
382581
382604
382645
382732
382873
382967
383059
383073
383098
383162
383167
383224
383292
383293
383319
383536
383551
383569
383817
383825
383934
384149
384200
384409
384466
384542
384558
384626
384799
384831
385002
385181
385335
385388
385403
385410
385454
385583
385646
385988
386105
386149
386158
386231
386286
386306
386546
386683
386749
386806
386875
387080
387250
387302
387362
387507
387635
387652
387662
387713
387810
387862
387905
388121
388293
388504
388517
388611
388680
388688
388741
388923
388981
389005
389069
389162
389164
389644
389754
389872
389938
389987
390040
390170
390337
390385
390395
390397
390513
390825
390893
390930
390957
391018
391225
391392
391394
391437
391516
391557
391749
391782
391964
392181
392240
392305
392339
392518
392528
392807
392861
392874
392929
393123
393138
393219
393299
393315
393354
393402
393601
393669
393782
393878
394106
394217
394325
394337
394471
394488
394591
394592
394767
394805
394807
395040
395079
395247
395384
395461
395543
395671
395695
395713
395926
395936
396025
396100
396256
396319
396357
396542
396664
396743
396771
396772
396883
396907
396911
396946
397018
397024
397048
397077
397125
397376
397455
397679
397703
397768
397849
397994
398075
398114
398198
398404
398466
398489
398811
398838
398885
398940
398964
399366
399411
399447
399480
399489
399575
399668
399736
399747
399769
399852
399910
399953
400257
400290
400319
400342
400378
400536
400851
400898
400996
401011
401053
401059
401127
401347
401457
401458
401534
401584
401593
401647
401836
401945
402207
402250
402270
402321
402328
402361
402411
402482
402585
402699
402830
402896
402970
402990
403005
403028
403153
403342
403348
403399
403457
403584
403803
403816
403820
403841
404016
404245
404281
404394
404406
404413
404628
404638
404698
404867
404959
404982
404999
405009
405056
405062
405307
405316
405325
405466
405649
405735
405747
405750
405850
405900
405966
406189
406284
406523
406558
406559
406635
406679
406726
407036
407149
407237
407404
407466
407484
407561
407684
407755
407843
407918
407953
408113
408374
408520
408598
408626
408698
408731
408757
408779
408873
409015
409063
409298
409304
409430
409448
409464
409713
409760
409876
409936
410031
410040
410206
410220
410223
410310
410512
410626
410672
410897
411266
411440
411566
411819
411905
411935
411973
411975
411996
412304
412458
412592
412649
412663
412670
412756
412982
413067
413080
413102
413153
413214
413240
413250
413329
413653
413755
413757
413799
413807
413810
414061
414087
414177
414230
414238
414275
414593
414692
414812
415014
415026
415128
415155
415276
415302
415544
415549
415580
415807
416213
416435
416624
416719
416765
416766
416857
416864
416946
417048
417233
417240
417252
417330
417372
417594
417601
417777
417778
418080
418234
418273
418297
418307
418444
418474
418598
418692
418792
418857
418885
418933
418970
419015
419391
420055
420103
420115
420184
420371
420383
420391
420516
420540
420682
420690
420693
420776
420879
420887
421004
421029
421082
421129
421232
421456
421535
421720
421888
422070
422132
422199
422202
422249
422410
422471
422544
422694
423031
423071
423080
423099
423127
423266
423357
423531
423656
423711
423990
423997
424077
424239
424266
424430
424450
424525
424696
424716
424737
424759
424888
424912
424973
424980
425083
425084
425092
425159
425179
425256
425374
425414
425479
425811
425846
426555
426632
426654
426665
426666
426683
426750
426990
427004
427090
427151
427203
427313
427520
427692
427894
427954
428013
428102
428150
428233
428336
428358
428392
428674
428801
428836
428909
428930
428935
429118
429195
429282
429304
429476
429482
429659
429674
429876
429970
430036
430083
430518
430540
430685
430886
430903
431084
431089
431196
431239
431306
431442
431573
431633
431673
431690
431700
431710
431745
431793
431812
431848
432064
432345
432520
432586
432605
432682
432771
433048
433350
433454
433533
433664
434068
434144
434220
434703
434756
434799
434858
434937
435105
435108
435123
435442
435473
435756
435825
435898
435900
436028
436092
436399
436431
436514
436631
437053
437116
437149
437232
437429
437436
437502
437576
437620
437754
437846
437847
437984
438019
438185
438263
438386
438426
438510
438546
438581
438730
438748
439065
439076
439150
439232
439366
439411
439413
439470
439603
439648
439777
439828
439973
440005
440010
440231
440243
440437
440542
440552
440678
440742
440892
441134
441174
441350
441497
441771
441789
441794
441819
441913
442003
442083
442110
442257
442540
442549
442611
442779
443162
443234
443322
443342
443484
443489
443498
444044
444051
444062
444262
444272
444297
444348
444476
444770
444810
444821
444822
444827
444862
444930
445018
445104
445192
445198
445344
445358
445582
445699
445849
445898
445960
446140
446198
446209
446357
446358
446362
446684
446734
446780
446878
446931
446946
447001
447088
447162
447358
447369
447491
447776
447851
447921
447943
447990
448306
448636
448653
448780
448931
449089
449169
449225
449251
449438
449442
449571
449613
449759
449774
449905
450085
450392
450484
450562
450670
450759
450787
450793
450799
450867
450913
450939
450971
451097
451169
451275
451331
451392
451514
451596
451932
452015
452085
452110
452137
452141
452380
452698
452805
453092
453113
453142
453148
453170
453464
453772
453840
453866
453897
454118
454320
454326
454398
454439
454504
454578
454585
454589
454662
454698
454708
454796
454923
455031
455086
455204
455342
455362
455383
455685
455782
455964
456025
456047
456058
456161
456222
456262
456353
456513
456530
456668
456676
456698
456728
456757
456912
456928
457123
457183
457320
457342
457669
457678
457796
458098
458475
458527
458754
458798
458833
458851
458950
458975
459048
459111
459200
459381
459518
459575
459580
459667
459760
459809
459973
459998
460023
460059
460175
460181
460225
460250
460414
460426
460750
460964
460995
461026
461037
461076
461094
461334
461342
461472
461503
461561
461668
461804
461863
461952
462583
462624
462680
462693
462820
462840
462867
463194
463205
463218
463248
463255
463495
463742
463778
464003
464096
464307
464335
464338
464404
464527
464546
464679
464764
464779
464798
464949
464971
465060
465140
465143
465219
465254
465325
465329
465407
465631
465639
465818
465983
466013
466064
466256
466294
466297
466415
466450
466459
466603
466641
466678
466748
466773
466833
466850
467095
467101
467170
467197
467301
467398
467406
467413
467592
467644
467881
467903
468054
468059
468080
468245
468247
468261
468272
468299
468362
468421
468488
468494
468572
468712
468837
469026
469221
469236
469312
469516
469596
469712
469773
469832
469980
470165
470251
470253
470411
470449
470452
470580
470664
470689
470706
470923
470979
471036
471048
471058
471088
471302
471485
471486
471507
471530
471612
471721
471767
471933
471976
471989
472000
472116
472186
472200
472214
472217
472369
472508
472576
472593
472596
472689
472763
472816
473147
473303
473308
473518
473625
474056
474140
474188
474206
474225
474433
474468
474642
474787
474979
475038
475148
475324
475437
475461
475734
475873
476190
476344
476405
476450
476499
476504
476592
476611
476647
476690
476696
476700
476757
476807
476867
476934
477117
477168
477283
477323
477339
477348
477629
477760
477888
477894
477918
478037
478224
478230
478275
478304
478329
478441
478637
478655
478703
478747
478897
479029
479038
479112
479166
479204
479257
479297
479333
479789
479818
480056
480138
480237
480465
480485
480493
480501
480505
480519
481107
481134
481154
481184
481248
481475
481593
481665
481755
481774
481816
481866
481879
481898
481910
482065
482200
482217
482312
482383
482408
482451
482795
482891
483029
483053
483208
483316
483343
483664
483708
483725
483818
483974
483977
484077
484097
484172
484323
484393
484466
484554
484702
484748
484790
484821
484952
484971
485066
485196
485255
485257
485266
485284
485714
485809
485842
485929
485955
485970
486118
486214
486236
486247
486343
486425
486514
486564
486786
487025
487064
487108
487189
487340
487409
487505
487523
487765
487810
487845
488016
488242
488267
488276
488346
488480
488691
488879
488964
489249
489344
489371
489377
489413
489503
489551
489570
489819
489828
489872
489890
490138
490163
490169
490230
490303
490346
490386
490615
490750
490766
490849
490874
490888
490948
491084
491168
491275
491360
491570
491594
491623
491854
491917
491922
492031
492062
492314
492326
492433
492794
492980
492987
493040
493288
493392
493456
493500
493559
493690
493998
494013
494118
494281
494520
494553
494706
494793
494801
494815
495160
495351
495498
495523
495559
495582
495681
495802
495832
495867
495971
496003
496078
496193
496244
496317
496411
496491
496615
496646
496647
496928
497015
497033
497040
497043
497151
497281
497380
497448
497527
497559
497629
497709
497799
497824
497920
498024
498039
498060
498068
498090
498428
498439
498449
498522
498646
498679
498724
498889
498916
499074
499117
499154
499277
499280
499294
499307
499358
499361
499392
499426
499516
499622
499772
499909
499937
499948
499963
500079
500081
500087
500145
500249
500598
500846
501012
501118
501229
501336
501372
501376
501524
501587
501696
501758
501877
501882
501919
502027
502039
502208
502266
502325
502369
502484
502495
502550
502578
502661
502689
502810
502968
503053
503162
503225
503466
503699
503793
503805
503844
503906
503999
504056
504498
504560
504640
504683
505190
505249
505358
505499
505531
505857
506271
506602
506619
506633
506869
506979
507040
507194
507343
507482
507641
507756
507822
507937
508041
508114
508295
508380
508451
508454
508511
508520
508539
508714
508877
508881
508902
508926
508957
508986
509043
509188
509227
509303
509644
509697
509712
509715
509805
509841
509857
509913
509925
509940
510068
510163
510169
510218
510250
510421
510574
510793
510851
510933
511034
511556
511562
511613
511772
511822
512021
512208
512328
512396
512856
512869
512977
513048
513072
513179
513702
513916
513938
513994
514080
514108
514207
514456
514532
514534
514657
514697
514728
514742
514930
514958
514961
515035
515379
515467
515796
515816
515963
516073
516140
516233
516306
516339
516343
516564
516716
516723
516825
516974
517200
517239
517256
517724
517774
517839
517958
518057
518154
518183
518211
518233
518285
518289
518301
518373
518475
518641
518732
518966
518989
519353
519405
519613
519773
520195
520197
520203
520206
520391
520396
520406
520591
520664
520721
520805
520882
521042
521079
521124
521283
521428
521884
522109
522113
522119
522159
522287
522303
522504
522509
522775
522780
522898
522928
522996
523003
523017
523019
523080
523154
523356
523398
523705
523971
523989
524005
524181
524256
524404
524470
524560
524616
524890
524919
524962
525180
525302
525327
525448
525507
525550
525576
525609
525671
525780
525996
526145
526190
526314
526345
526385
526476
527131
527279
527304
527422
527489
527680
527681
527804
527875
527958
528086
528192
528233
528259
528272
528358
528392
528502
528651
528687
528698
528726
528798
528984
529072
529073
529088
529359
529401
529437
529603
529727
529817
529855
529872
529944
529975
530324
530404
530407
530642
530714
530794
530826
531094
531162
531197
531372
531456
531531
531818
531850
532069
532097
532098
532492
532562
532742
532780
532789
532896
532906
533032
533035
533072
533088
533100
533224
533265
533652
533726
533885
534187
534231
534250
534497
534580
534720
534768
534796
534802
534860
535089
535129
535140
535142
535183
535197
535259
535328
535330
535526
535547
535647
535650
535657
535710
535785
535850
535909
535927
535973
535988
535998
536198
536251
536269
536371
536392
536608
536635
536931
537051
537074
537453
537721
537740
537756
537818
537853
537881
537912
538160
538239
538249
538366
538374
538392
538542
538582
538595
538702
538827
538895
538946
538971
539067
539112
539185
539218
539293
539318
539424
539471
539607
539653
539719
539764
539852
539912
539915
539942
539984
540009
540165
540181
540205
540484
540504
540512
540581
540667
540904
540932
541089
541127
541170
541368
541372
541409
541443
541497
541522
541675
541758
541890
542037
542040
542122
542150
542220
542352
542358
542443
542462
542512
542630
542680
542686
542773
542798
542942
543148
543191
543402
543443
543462
543563
543769
543784
544040
544285
544357
544440
544467
544676
544967
545232
545314
545596
545718
545850
545871
545877
545990
546182
546263
546406
546418
546644
546668
546767
546788
547115
547299
547441
547603
547609
547667
547768
547812
547842
547944
547995
548042
548264
548332
548369
548417
548734
548765
548923
548989
549039
549055
549077
549099
549389
549391
549528
549543
549547
549595
549704
549727
549823
549838
549959
549987
550028
550099
550276
550356
550476
550544
550613
550649
550671
550795
550870
551151
551168
551175
551221
551317
551370
551372
551414
551422
551448
551516
551655
551687
551718
551769
551820
551899
551903
551913
551969
552020
552058
552216
552231
552316
552370
552380
552667
552939
553089
553151
553177
553358
553428
553431
553681
553763
553843
553911
553946
554159
554240
554248
554293
554357
554385
554390
554484
554732
554780
554834
555010
555066
555096
555499
555535
555544
555581
555617
555948
555951
556211
556260
556326
556344
556523
556571
556573
556687
556710
556796
556890
557013
557093
557168
557200
557249
557256
557261
557281
557286
557399
557594
557733
557898
557915
557930
557974
558429
558613
558758
558760
558897
558969
558993
559201
559242
559339
559389
559416
559548
559599
559696
559866
559874
559891
559941
559992
560058
560117
560139
560231
560239
560294
560474
560629
560641
560904
560927
561117
561128
561189
561327
561348
561434
561609
561997
562079
562117
562191
562224
562228
562233
562275
562339
562482
562611
562711
563097
563145
563216
563255
563261
563474
563787
563807
563953
564021
564031
564170
564220
564291
564321
564376
564402
564490
564550
564652
564682
564795
564985
565040
565068
565085
565258
565356
565513
565708
565759
565862
565968
566150
566283
566330
566353
566410
566737
566780
566826
566945
566959
566969
567169
567222
567427
567530
567598
567626
567636
567899
567904
568060
568108
568139
568165
568340
568537
568742
568912
568940
569060
569147
569193
569301
569395
569437
569597
569798
569826
569921
570011
570105
570227
570330
570483
570586
570658
570669
570670
571005
571138
571381
571494
571566
571598
571641
571663
571694
571702
571753
571999
572162
572198
572332
572460
572776
572797
572799
572955
573162
573486
573614
573754
573827
573853
573887
573966
574017
574070
574073
574328
574336
574399
574497
574601
574926
575000
575016
575207
575210
575239
575462
575519
575615
575745
575803
575973
576106
576300
576318
576500
576647
576856
577107
577133
577179
577188
577266
577332
577411
577428
577486
577506
577542
577589
577664
577792
577819
577836
577861
577867
577962
578024
578060
578127
578192
578254
578510
578737
578753
578891
579000
579048
579258
579515
579576
579685
579688
579755
579885
580027
580266
580488
580499
580538
580541
580610
580614
580712
580836
580916
580998
581017
581034
581219
581224
581338
581495
581599
581606
581612
581652
581671
581786
581863
582289
582402
582699
582719
582821
583017
583140
583313
583399
583438
583462
583652
583681
583814
583836
583873
583958
584071
584081
584104
584140
584214
584286
584335
584448
584452
584585
584622
584682
584712
584885
584910
585364
585400
585438
585490
585494
585552
585715
585762
585787
585855
585976
586042
586334
586447
586485
586522
586603
586618
586675
586999
587053
587164
587227
587279
587311
587401
587438
587616
587634
587665
587728
587763
587816
587851
587853
587953
588005
588183
588188
588194
588393
588406
588536
588609
588733
588961
588984
589019
589117
589422
589517
589669
589914
589947
590062
590105
590174
590417
590450
590492
590525
590528
590662
590695
590802
591037
591152
591161
591195
591214
591220
591719
591836
591893
591960
592282
592498
592644
592707
592841
592901
593021
593087
593138
593188
593352
593367
593391
593459
593633
593676
593764
593804
594004
594110
594181
594282
594314
594359
594704
594728
594854
594905
595016
595063
595109
595126
595172
595203
595212
595269
595272
595329
595427
595674
595696
595707
595895
595990
596042
596106
596107
596309
596362
596376
596485
596600
596602
596606
596623
596692
596694
596756
596777
596841
596942
596972
596985
596999
597026
597163
597165
597287
597338
597351
597400
597575
597703
597779
597788
597831
597861
597969
598069
598084
598166
598175
598626
598745
598814
599014
599018
599035
599481
599497
599573
599663
599734
599754
599815
599844
599862
599947
600033
600077
600313
600424
600430
600515
600733
600769
601330
601343
601361
601369
601445
601544
601747
601867
601958
601987
602109
602146
602278
602394
602634
602661
602779
602880
602882
602964
602981
602990
603109
603155
603332
603380
603388
603424
603538
603722
603805
604070
604129
604132
604305
604351
604369
604406
604407
604441
604459
604799
604923
604931
605070
605110
605119
605145
605159
605265
605290
605293
605449
605504
605514
605519
605545
605710
605781
605878
606173
606174
606267
606305
606388
606548
606947
607245
607426
607456
607804
607837
607893
608014
608164
608258
608310
608360
608381
608536
608605
608664
608755
608780
608896
608918
609007
609093
609274
609313
609613
609615
609751
609813
609894
609923
610046
610144
610263
610483
610489
610526
610712
610752
610954
611010
611046
611156
611184
611214
611224
611414
611501
611652
611656
611695
611762
611789
612015
612060
612081
612135
612308
612500
612545
612674
612743
612746
612873
612889
612915
613007
613013
613192
613332
613416
613643
613662
613758
614168
614192
614254
614269
614584
614602
614608
614675
614730
615119
615154
615360
615366
615490
615517
615596
615707
616125
616318
616333
616366
616543
616580
616727
616764
617045
617060
617093
617251
617451
617730
617763
617956
618008
618033
618171
618249
618412
618703
618973
619178
619182
619313
619551
619700
619746
619790
619805
619821
619999
620010
620243
620338
620356
620453
620589
620722
621073
621393
621545
621584
621642
621671
621856
622460
622474
622765
622771
622779
622896
622916
622980
623009
623083
623122
623154
623282
623585
623607
623735
623762
623788
623814
623977
624085
624287
624359
624451
624461
624506
625025
625118
625122
625172
625527
625765
625833
625964
626285
626307
626367
626456
626757
626817
626836
626957
626988
627182
627294
627436
627453
627503
627505
627817
627851
627880
627972
628116
628172
628188
628303
628487
628537
628563
628576
628586
628592
628626
628682
628781
629002
629006
629158
629262
629371
629418
629543
629552
629702
630087
630170
630200
630275
630460
630699
630785
630798
630843
630946
631078
631122
631293
631306
631393
631490
631523
631529
631635
631716
631730
631845
631907
632052
632179
632267
632273
632294
632383
632491
632497
632533
632618
632752
632904
633015
633096
633260
633381
633426
633753
633863
633940
633963
633986
634037
634059
634428
634911
634918
634938
635073
635208
635263
635411
635412
635541
635654
635751
635849
635918
636176
636331
636365
636597
637021
637071
637131
637175
637193
637580
637850
637869
638011
638258
638513
638544
638686
638857
638878
638905
639073
639138
639179
639186
639430
639596
639665
639729
639737
639741
639744
639843
639846
639870
640041
640055
640060
640062
640270
640366
640414
640462
640592
640624
640634
640707
640719
640836
640845
640971
640988
641087
641128
641250
641388
641391
641455
641530
641535
641581
641694
641732
641767
641775
641827
641848
641894
641924
641959
641988
642065
642157
642170
642222
642226
642269
642520
642635
642644
642666
642706
642850
642936
642977
643059
643084
643284
643389
643400
643404
643414
643580
643636
643711
643923
644043
644280
644297
644401
644480
644502
644903
645010
645088
645092
645096
645122
645148
645280
645404
645428
645604
645640
645784
645814
645855
645870
645878
645965
645971
646002
646177
646178
646246
646604
646656
646768
646808
646812
646867
646872
647102
647254
647500
647705
647739
647919
647976
647998
648093
648237
648315
648482
648486
648545
648739
648748
648836
649102
649244
649317
649421
649639
649653
649702
649707
649856
649886
650103
650143
650257
650320
650502
650590
650725
650797
650842
650890
650935
651018
651094
651118
651373
651478
651588
651599
651692
651755
651829
651901
652001
652151
652177
652199
652248
652286
652328
652356
652408
652828
652859
652869
652951
652970
653125
653197
653251
653315
653448
653501
653626
653714
653927
654107
654760
654809
654937
655331
655526
655571
655600
655962
655994
656178
656247
656339
656407
656427
656453
656511
656536
656731
656756
656833
657063
657310
657404
657428
657511
657851
658011
658031
658396
658469
658511
658623
658648
658670
658671
658726
658748
659181
659246
659290
659356
659633
659644
659645
659661
660003
660084
660169
660545
660665
660729
660936
660942
660971
660973
661090
661238
661313
661386
661455
661705
661709
661775
661790
661817
662117
662277
662434
662502
662510
662812
663015
663030
663037
663165
663325
663480
663499
663577
663580
663601
663608
663789
663964
663994
664283
664382
664516
664679
664870
664884
665057
665192
665209
665219
665319
665455
665472
665566
665669
666254
666329
666377
666526
666552
666666
666703
666844
666981
667033
667148
667192
667310
667468
667476
667674
667712
667718
667898
667965
668048
668080
668129
668257
668298
668322
668373
668430
668460
668631
668908
668957
669090
669119
669122
669179
669184
669395
669441
669478
669784
669804
670194
670233
670279
670284
670475
670577
670706
670768
670798
670819
671026
671099
671142
671196
671294
671304
671461
671614
671635
671654
671955
672047
672370
672371
672400
672431
672636
672761
673385
673577
673835
674009
674038
674152
674200
674227
674278
674349
674378
674474
674529
674530
674659
674862
674979
674982
674993
675050
675056
675107
675164
675183
675361
675369
675448
675573
675579
675607
675718
675844
675877
675936
675993
676105
676158
676294
676473
676499
676546
676642
676648
676734
676857
676861
677151
677154
677223
677293
677335
677345
677355
677625
677905
677912
677935
677976
677979
678145
678180
678293
678436
678551
678706
678708
678741
678744
678851
678865
678879
678959
679009
679051
679127
679163
679202
679239
679248
679291
679318
679399
679504
679680
679844
679853
679952
679954
680056
680068
680081
680130
680134
680136
680203
680585
680605
680669
680679
680762
680941
681080
681200
681310
681399
681404
681580
681783
681808
681824
681828
682027
682244
682466
682530
682706
682733
682795
682879
683066
683164
683218
683396
683485
683533
683540
683544
683570
683589
684026
684086
684155
684365
684411
684484
684516
684613
684645
684654
684733
684835
684855
685096
685460
685520
685532
685533
686153
686370
686473
686495
686589
686957
687098
687422
687504
687622
687808
687916
688040
688144
688178
688190
688210
688279
688400
688488
688676
688965
689009
689039
689130
689158
689313
689867
689873
689928
689933
689992
690025
690269
690299
690352
690389
690716
690754
690795
690916
691152
691311
691440
691446
691523
691644
691949
692009
692045
692208
692549
692634
692771
692904
692929
692946
693008
693431
693500
693564
693695
693775
693862
693940
694062
694094
694103
694286
694398
694412
694554
694560
694573
694584
694767
694779
694807
694830
694888
695038
695078
695153
695225
695259
695353
695735
695845
696050
696186
696386
696444
696977
697267
697274
697429
697550
697568
697747
697765
697876
697961
697987
698030
698060
698068
698219
698361
698471
698608
698868
698882
698956
699095
699138
699159
699194
699297
699320
699654
699683
699714
699948
700080
700148
700279
700439
700620
700648
700661
700694
700775
700947
700990
701659
701715
701730
701772
701788
701816
701979
702105
702315
702339
702501
702661
702820
702856
703059
703081
703095
703097
703190
703196
703272
703373
703437
703649
703673
703691
703708
703846
703897
703924
703950
704310
704477
704706
704768
704834
704995
705019
705192
705369
705394
705640
705706
705716
705740
705797
705978
706176
706343
706381
706388
706420
706538
706547
706701
706864
706939
707007
707127
707174
707514
707539
707558
707818
707974
708209
708374
708379
708385
708521
708548
708632
708639
708765
708888
708918
709025
709103
709134
709149
709201
709235
709353
709369
709418
709436
709487
709772
709815
709894
709985
710049
710335
710378
710387
710406
710530
710623
710626
710740
710762
710812
710863
710966
710992
711162
711164
711318
711596
711750
711950
712352
712394
712546
712629
712638
712639
712744
712846
712858
712871
712875
713137
713227
713405
713424
713437
713445
713503
713515
713544
713580
713674
713686
713731
713741
713880
713968
714043
714060
714061
714073
714158
714364
714451
714613
714701
714719
714940
715124
715182
715183
715208
715209
715253
715395
715461
715508
715539
715591
715652
715688
715783
715846
715878
715928
716171
716178
716191
716204
716450
716477
716524
716594
716702
716842
716920
716940
716947
716973
717010
717035
717167
717221
717385
717572
717810
717968
717976
718020
718161
718244
718350
718437
718491
718591
718752
718793
718877
718895
719024
719135
719172
719274
719304
719359
719458
719558
719623
719825
719885
719894
720003
720071
720084
720098
720259
720425
720520
720547
720584
720598
720668
720676
720685
720769
721039
721118
721440
721780
721826
722199
722263
722596
722877
722955
722980
723045
723122
723138
723219
723299
723312
723412
723417
723564
723624
723667
723748
723796
723852
723910
723960
724056
724086
724213
724227
724232
724345
724543
724637
724667
724761
724940
725057
725068
725180
725378
725464
725494
725508
725560
725653
725718
725749
725804
725828
725900
725939
726107
726208
726309
726369
726434
726661
726691
726814
726937
726975
727434
727618
727798
727873
727888
727901
727938
727966
728204
728256
728274
728298
728369
728496
728522
728641
728808
728823
728830
728923
728961
728998
729088
729119
729135
729238
729356
729731
729752
729797
729815
730048
730115
730180
730214
730273
730321
730389
730623
730942
731091
731351
731354
731635
731652
731680
732077
732164
732254
732260
732340
732368
732518
732639
732670
732733
732779
732814
732858
732878
732883
732892
732997
733145
733166
733196
733202
733310
733322
733460
733528
733536
733562
733866
733936
733975
734049
734262
734337
734481
734487
734504
734727
734822
734848
734853
734888
734975
735166
735171
735259
735290
735300
735354
735361
735453
735500
735530
735544
735655
735774
735786
735872
735959
735961
736035
736128
736398
736430
736484
736658
736762
736811
736854
736877
736984
737030
737386
737529
737563
737757
737792
737793
737862
737937
738035
738095
738102
738144
738176
738295
738304
738389
738413
738443
738498
738538
738620
738827
738886
739105
739337
739421
739603
739638
739838
739848
739990
739993
740017
740076
740126
740173
740271
740420
740591
740596
740740
740742
740794
741027
741104
741133
741281
741303
741514
741610
741674
741735
741756
741887
741943
742073
742078
742304
742392
742796
743039
743148
743166
743365
743368
743413
743631
743680
743837
744128
744314
744394
744436
744494
744629
744728
745120
745157
745355
745397
745405
745466
745756
745801
745835
745864
745927
746075
746087
746099
746127
746164
746178
746453
746455
746458
746871
747030
747161
747182
747506
747541
747560
747592
747935
747945
747955
748043
748150
748196
748269
748402
748474
748553
748591
748592
748623
748713
748733
748761
748974
749072
749086
749170
749198
749469
749538
749540
749541
749542
749850
750108
750484
750547
750675
750858
750887
750929
751073
751090
751133
751667
751830
751838
751994
751998
752113
752245
752290
752339
752663
752669
752888
752903
752919
752928
752954
753012
753048
753184
753228
753433
753504
753612
753688
753817
753833
753930
754157
754296
754335
754390
754611
754765
755017
755094
755096
755273
755288
755361
755377
755412
755483
755534
755763
755799
755823
755901
755917
756143
756481
756521
756568
756587
757114
757153
757173
757284
757435
757467
757554
757772
757866
758046
758086
758182
758214
758287
758363
758388
758551
758562
758600
758693
758742
758854
759026
759071
759198
759412
759440
759506
759521
759558
759645
759786
759805
759810
759831
759881
759972
760108
760142
760153
760398
760444
760460
760475
760627
760646
760682
760844
760941
761026
761054
761112
761304
761475
761612
761695
761761
761821
761826
761949
762043
762100
762119
762168
762603
762647
762651
762807
762834
762903
762970
763031
763083
763160
763178
763185
763277
763365
763422
763473
763529
763636
763795
763934
764121
764201
764423
764611
764616
764699
764701
764822
764935
764965
765115
765154
765201
765264
765287
765543
765584
765760
765775
765794
765986
766165
766223
766229
766412
766438
766464
766466
766481
766730
766811
766870
767135
767432
767454
767503
767583
767649
767718
767867
768093
768241
768273
768595
768597
768606
768650
768692
768781
768835
768894
768918
769177
769540
769561
769625
769660
769998
770176
770372
770443
770451
770593
770636
770712
770730
770868
770941
770943
770947
770952
771006
771162
771240
771277
771360
771480
771529
771575
771757
771972
772019
772036
772107
772144
772230
772283
772348
772731
772759
772831
772904
772979
773176
773187
773534
773597
773695
773721
773765
773821
774029
774042
774061
774156
774173
774207
774256
774265
774285
774307
774313
774362
774448
774487
774605
774606
774760
774912
775025
775053
775177
775216
775262
775321
775343
775360
775516
775681
775697
775768
776207
776216
776258
776392
776498
776544
776555
776717
776746
776846
777122
777275
777567
777640
777654
777733
777759
777845
777912
777937
778093
778115
778138
778181
778234
778327
778389
778394
778399
778470
778586
778672
778673
778726
778753
778810
778906
779048
779202
779207
779373
779420
779501
779508
779556
779622
779778
779790
779873
779912
780189
780365
780688
780691
780723
780751
780943
781069
781202
781367
781519
781581
781696
781838
782112
782190
782214
782286
782446
782795
782812
782826
782897
782916
782939
782977
783240
783415
783429
783487
783519
783556
783580
783822
783839
784202
784345
784374
784387
784534
784589
784830
785128
785174
785179
785191
785266
785341
785620
785652
785947
785963
786077
786091
786139
786212
786355
786401
786438
786443
786444
786669
786699
786853
787206
787252
787474
787615
787672
787676
787727
787896
788286
788331
788353
788592
788700
788701
788836
788862
789209
789656
789676
789783
789976
790067
790092
790142
790308
790390
790577
790597
790851
791070
791098
791145
791266
791463
791514
791520
791673
791674
791748
791799
791975
792001
792076
792126
792149
792288
792545
792546
792600
792673
792913
792963
793039
793136
793171
793387
793424
793468
793658
793770
793815
793818
793941
794020
794264
794358
794504
794532
794557
794571
794884
794885
795211
795245
795379
795585
795611
795718
795782
795882
795892
796191
796289
796308
796324
796452
796508
796545
796682
796749
797083
797137
797205
797249
797404
797504
797596
797609
797779
797781
797897
797926
797930
797983
798001
798211
798213
798373
798399
798446
799236
799581
799723
799754
799781
799783
799939
799972
799993
799997
800254
800271
800340
800363
800368
800407
800441
800466
800629
800849
801008
801056
801115
801121
801374
801458
801606
801668
801763
801806
801913
801947
802126
802149
802162
802207
802363
802364
802409
802436
802440
802594
802619
802640
802652
802748
802759
802875
802968
802976
803156
803157
803167
803181
803388
803435
803548
803619
803700
803987
803991
804038
804101
804132
804149
804180
804217
804282
804391
804720
804729
804833
804903
804969
805042
805067
805090
805114
805245
805458
805490
805527
805743
806264
806323
806395
806518
806547
806635
806740
806852
806912
806975
806985
807189
807244
807331
807340
807403
807422
807867
807951
807969
807996
808047
808115
808161
808290
808328
808476
808478
808496
808596
808630
808769
809045
809102
809359
809498
809669
809940
810157
810165
810430
810496
810591
810629
810708
810726
810840
810951
811025
811043
811143
811171
811249
811354
811389
811424
811570
811609
811787
812150
812153
812189
812218
812288
812410
812498
812587
812680
812751
812818
812834
812853
812873
813064
813304
813331
813381
813499
813563
813610
813625
814007
814020
814466
814495
814527
814599
814621
814673
814762
814847
814917
814971
815011
815115
815202
815267
815433
815544
815744
815906
815951
816230
816361
816603
816627
816787
816796
816873
816977
816996
817553
817657
817684
817851
817894
818044
818104
818193
818400
818642
818701
818713
818733
818856
818875
818994
819127
819183
819456
819485
819607
819886
819891
819967
820088
820353
820452
820507
820540
820544
820842
820845
820875
820939
820993
821021
821040
821085
821104
821126
821189
821358
821485
821489
821692
821698
821714
821767
821998
822019
822153
822155
822174
822431
822450
822474
822518
822641
822679
822834
822858
823038
823042
823170
823214
823253
823290
823411
823622
823664
823728
823735
823749
823754
823766
823795
824030
824049
824086
824264
824640
824919
824926
824930
824938
825307
825391
825402
825418
825549
825569
825702
825993
826031
826033
826069
826212
826283
826318
826399
826474
826852
826905
827343
827413
827599
827636
827639
827653
827667
827680
827709
827727
827936
828153
828158
828195
828259
828446
828481
828486
828526
828551
828604
828695
828793
829021
829026
829037
829109
829156
829192
829241
829411
829447
829457
829469
829552
829757
829778
829850
829872
829958
830090
830136
830268
830284
830369
830386
830422
830439
830592
830714
830762
830917
830962
831015
831093
831162
831186
831235
831312
831378
831431
831511
831525
831564
831588
831638
831639
831664
831733
831841
832085
832223
832300
832352
832615
832655
832707
833052
833103
833109
833207
833298
833630
833641
833724
833896
833898
833946
834068
834095
834189
834400
834822
834831
834846
834958
834965
835021
835098
835413
835466
835611
835642
835653
835679
835700
835741
835904
836028
836134
836235
836321
836430
836502
836517
836535
836542
836553
836560
836596
836606
836678
836902
836909
836962
837141
837243
837437
837440
837455
837529
837692
837746
837882
837928
838020
838030
838065
838279
838648
838688
838731
838750
838844
838976
839052
839094
839261
839530
839661
839675
839700
839898
839900
839911
839966
840029
840212
840324
840330
840411
840489
840491
840493
840496
840522
840536
840626
840699
841011
841108
841228
841244
841341
841396
841640
841710
841751
841790
841864
841907
842241
842258
842588
842610
842687
843035
843458
843846
843880
843948
844129
844183
844453
844494
844550
844636
844657
844663
844704
844713
844825
844871
844968
845037
845203
845324
845338
845415
845454
845524
845548
845560
845629
845672
845704
846055
846062
846151
846160
846219
846261
846339
846482
846483
846514
846529
846553
846609
846669
846684
846793
846918
846980
847122
847318
847349
847377
847410
847576
847593
847640
847705
847830
847858
847956
848247
848380
848458
848477
848698
848707
848744
848874
849055
849167
849310
849379
849394
849404
849515
849574
849599
849885
849908
850018
850188
850238
850493
850542
850551
850717
850827
850849
850895
851027
851239
851362
851415
851591
851693
851761
852001
852090
852092
852094
852113
852339
852373
852500
852578
852726
852774
852941
853056
853080
853092
853142
853194
853307
853414
853439
853560
853756
853760
853782
853823
853840
853914
853979
854009
854014
854049
854451
854488
854672
854721
854887
854944
854996
854998
855248
855340
855359
855368
855547
855872
856056
856057
856111
856131
856149
856431
856439
856469
856592
856678
856692
856740
856835
856866
856919
857161
857325
857339
857386
857408
857409
857572
857641
857732
857883
857957
857967
857991
858154
858235
858493
858663
858957
858967
859134
859239
859259
859287
859305
859341
859554
859560
859842
859886
859911
859928
859958
860072
860142
860251
860263
860454
860595
860682
860852
860937
860955
860985
861068
861173
861272
861319
861332
861404
861548
861639
861921
861984
862092
862260
862301
862530
862580
862612
862633
862655
862665
862672
862750
862800
862970
863138
863145
863181
863367
863384
863402
863469
863570
863868
863998
864022
864112
864343
864446
864484
864758
864769
864798
864980
865151
865155
865201
865210
865286
865359
865386
865651
865944
866152
866197
866224
866338
866396
866410
866453
866469
866592
866673
866803
866882
866961
867069
867256
867296
867733
867918
867960
868273
868309
868325
868427
868460
868537
868704
868774
868821
868925
868984
869043
869052
869066
869070
869244
869313
869324
869365
869429
869637
869698
869722
869838
869909
870064
870096
870123
870139
870216
870225
870280
870351
870388
870501
870551
870619
870883
