65
160
362
472
522
541
613
717
755
784
788
797
970
981
987
1217
1232
1321
1747
1833
1913
2044
2059
2189
2421
2539
2627
2698
2774
2806
2859
2943
3031
3119
3442
3451
3507
3662
3835
3882
4022
4238
4268
4341
4351
4423
4448
4461
4472
4536
4555
4566
5005
5077
5246
5322
5336
5409
5445
5455
5536
5572
5595
5625
5633
5807
5815
5857
6055
6351
6423
6460
6586
6594
6613
6755
6771
6941
7051
7073
7093
7359
7417
7560
7697
7894
7964
8025
8126
8243
8330
8397
8689
8786
8955
8992
8999
9042
9160
9422
9505
9518
9552
9682
9961
10130
10150
10294
10311
10413
10461
10589
10620
10712
10747
11076
11142
11186
11358
11471
11511
11607
11662
11712
11923
11980
12091
12092
12242
12259
12286
12336
12338
12726
12892
13007
13109
13461
13515
13552
13736
13889
13963
14045
14100
14186
14274
14289
14291
14318
14344
14605
14695
15198
15377
15505
15576
15672
15820
15902
16016
16100
16137
16166
16267
16565
16571
16644
16648
16675
16730
16813
16866
16986
17044
17113
17256
17509
17666
17722
17725
17991
18055
18065
18107
18174
18231
18239
18374
18540
18567
18748
18862
18868
19097
19139
19280
19361
19494
19572
19573
19606
19639
19643
19668
19749
19860
19879
19930
19957
20282
20317
20477
20494
20496
20541
20888
20960
21082
21102
21149
21194
21309
21485
21503
21697
21713
21850
21899
21941
22013
22306
22473
22485
22570
22661
22753
22781
22843
22905
23098
23115
23300
23336
23391
23461
23513
23554
23776
23859
23861
23923
23973
24152
24461
24501
24630
24863
24918
24938
24992
24994
25302
25346
25408
25515
25554
25601
25910
25988
26133
26147
26181
26190
26237
26364
26386
26417
26562
26677
26720
26735
26921
26934
27026
27031
27292
27324
27471
27536
27574
27579
27612
27631
27698
27728
27807
27906
27975
28034
28161
28179
28267
28280
28443
28614
28905
28933
28972
29100
29103
29243
29325
29431
29496
29547
29567
29577
29672
29761
29815
29910
29949
30238
30285
30320
30338
30379
30415
30529
30598
30649
30669
30758
30883
30899
30999
31035
31084
31120
31177
31384
31603
31768
31818
32020
32173
32300
32434
32446
32482
32540
32547
32652
32940
33060
33167
33268
33308
33348
33367
33541
33556
33561
33651
33711
34021
34043
34071
34136
34301
34334
34394
34507
34543
34545
34587
34710
34740
34794
34931
34955
35008
35210
35274
35406
35447
35549
35589
35679
35815
35886
35889
36693
36806
37040
37103
37216
37296
37308
37408
37630
37968
38055
38089
38372
38482
38649
38686
38869
38916
38919
39038
39128
39212
39284
39321
39679
39848
40101
40219
40273
40427
40460
40463
40470
40473
40575
40623
40688
40703
40720
40889
40902
40965
41014
41084
41162
41223
41246
41258
41390
41661
41668
41673
41701
41727
41734
41902
41947
42040
42044
42100
42108
42236
42252
42282
42350
42552
42844
42870
42949
42953
42969
43048
43074
43134
43281
43434
43646
43652
43743
43751
43874
44050
44150
44218
44249
44280
44347
44414
44416
44425
44436
44481
44482
44510
44614
44778
44817
44884
44930
45043
45155
45280
45492
45683
45766
45793
45894
45933
45953
45989
46025
46247
46393
46441
46469
46553
47036
47080
47253
47337
47343
47359
47704
47714
47807
47890
48047
48085
48112
48207
48208
48337
48352
48394
48597
48709
48713
48748
48788
48814
48996
49175
49467
49523
49624
49662
49685
49863
49989
50173
50340
50590
50758
50832
50931
50959
51175
51222
51270
51281
51301
51358
51437
51481
51741
51883
51953
51982
52034
52179
52186
52204
52469
52687
52713
52727
52732
52814
52875
52881
53121
53140
53399
53460
53684
53819
53843
54324
54455
54537
54544
54593
54698
54782
54817
54819
54830
54905
54906
54997
55049
55149
55174
55176
55202
55392
56033
56209
56232
56271
56473
56494
56521
56532
56713
56763
56788
56816
56937
57069
57165
57189
57271
57279
57350
57618
57718
57792
57820
57824
57974
58001
58025
58070
58140
58353
58385
58393
58643
58671
58748
59096
59134
59181
59333
59458
59478
59581
59623
59717
59958
60135
60281
60372
60483
60589
61243
61354
61512
61536
61821
61943
62171
62206
62225
62327
62378
62415
62521
62585
62644
62674
62751
62759
62809
62905
62948
63116
63225
63240
63352
63390
63529
63584
63670
63697
63831
63884
64020
64197
64578
64667
64700
64765
64842
65114
65176
65212
65239
65264
65348
65366
65552
65624
65709
65726
65995
66016
66053
66527
66636
66782
66811
67022
67056
67079
67288
67412
67441
67738
67958
68277
68638
68738
68838
68891
68921
69086
69118
69272
69444
69690
69871
70030
70214
70218
70241
70314
70344
70454
70625
70686
70703
70905
70912
70931
71127
71342
71474
71490
71573
71767
71974
72127
72247
72290
72379
72679
72688
72895
73186
73214
73215
73262
73361
73431
73489
73550
73623
73849
73864
73866
74038
74051
74057
74063
74095
74256
74271
74279
74303
74667
74693
74886
74916
75402
75502
75555
75617
75658
75864
75959
75977
76334
76431
76471
76549
76558
76940
76961
76970
77027
77037
77055
77173
77187
77307
77610
77758
78093
78135
78403
78460
78663
78847
78861
79129
79192
79280
79314
79331
79546
79951
80060
80293
80322
80568
80677
80682
81002
81068
81273
81397
81419
81670
81693
81808
82044
82057
82085
82088
82129
82165
82264
82346
82565
82815
82909
82944
82967
83157
83226
83236
83332
83369
83438
83446
83611
83636
83702
83913
83977
84127
84227
84233
84383
84386
84398
84816
85050
85053
85151
85235
85240
85313
85403
85429
85473
85501
85786
86038
86165
86359
86360
86364
86624
86640
86827
86950
86970
87127
87337
87403
87433
87435
87437
87572
88105
88170
88207
88265
88325
88357
88435
88533
88577
88637
88682
88722
88750
88776
88779
88866
88972
88983
89021
89036
89117
89132
89165
89254
89307
89317
89385
89422
89686
89923
90076
90362
90483
90526
90538
90775
90806
90867
90911
90925
90964
91325
91386
91397
91407
91420
91538
91622
91692
91711
91778
92021
92023
92139
92332
92401
92449
92535
92589
92602
92875
92901
92912
92926
92944
93139
93208
93273
93396
93466
93647
93923
94045
94156
94173
94204
94666
94672
94693
94740
94861
94973
95019
95107
95123
95148
95177
95299
95375
95848
95992
96139
96150
96298
96448
96555
96560
96604
96624
96645
96744
96769
97111
97255
97263
97385
97392
97424
97653
97765
97800
97924
97998
98022
98050
98097
98137
98151
98290
98430
98464
98510
98872
99018
99049
99386
99396
99570
99656
99741
99851
99948
100526
100576
100623
100821
100838
100846
100877
100969
100987
101011
101126
101211
101418
101427
101438
101513
101567
101675
101746
101915
102198
102371
102527
102570
102690
102832
102897
102932
103017
103060
103070
103172
103337
103465
103481
103502
103560
103687
103805
103808
103927
104415
104553
104566
104582
104717
104770
104962
104983
105033
105056
105113
105202
105296
105464
105539
105590
105597
105630
105908
105909
105954
105973
106026
106418
106425
106561
106592
106657
106891
107037
107149
107250
107262
107443
107484
107603
107669
107700
107795
107855
107863
107996
108345
108349
108432
108548
108675
108773
108924
108963
109153
109234
109411
109517
109698
109713
109771
109814
109949
109953
109960
110028
110035
110070
110144
110154
110158
110307
110314
110431
110505
110624
110689
110936
110941
111085
111190
111249
111283
111418
111429
111611
111676
111820
112262
112363
112376
112379
112473
112533
112571
112685
112709
112741
112803
112838
112888
112968
112972
113336
113419
113442
113744
113936
114194
114345
114398
114418
114420
114462
114608
114619
114623
115103
115315
115407
115464
115466
115575
115778
115824
115862
115919
116087
116176
116343
116357
116448
116532
116638
116648
116681
116728
116781
116936
116938
116962
116963
117009
117144
117148
117209
117283
117586
117805
117851
117916
118042
118078
118168
118280
118449
118704
118730
119076
119118
119282
119297
119315
119318
119399
119427
119545
119712
119870
120155
120204
120501
120697
120733
120839
120904
120973
120977
120989
121038
121041
121124
121125
121288
121458
121576
121831
121861
121875
121969
122245
122262
122500
122558
122618
122923
123050
123130
123132
123325
123445
123494
123505
123642
123687
123785
123867
123927
123938
124041
124048
124121
124126
124151
124189
124209
124217
124343
124371
124444
124543
124560
124588
124647
124696
124737
124738
124894
125054
125465
125506
125563
125726
125744
125787
125937
126078
126221
126489
126698
126773
126807
127072
127356
127428
127463
127480
127577
127710
127796
127949
128023
128144
128419
128443
128501
128665
128882
128963
128976
129016
129156
129200
129354
129436
129454
129622
129659
129735
129774
129796
129824
129904
129985
129989
130002
130011
130079
130100
130115
130169
130237
130272
130301
130390
130540
130723
130750
130783
130867
131009
131038
131055
131109
131142
131147
131298
131366
131429
131432
131527
131593
131611
131631
131638
131641
131735
131818
131849
132026
132174
132270
132291
132386
132446
132557
132607
132615
132960
133155
133183
133432
133500
133536
133546
133783
133989
134013
134096
134159
134169
134199
134275
134379
134440
134473
134481
134668
134672
134716
134806
134854
134879
134993
135002
135263
135322
135359
135463
135513
135576
135599
135612
135616
135620
135743
135772
135821
135853
135886
136033
136161
136284
136464
136752
136804
136857
136897
136903
137074
137126
137234
137260
137277
137315
137345
137352
137387
137613
137644
137697
138055
138082
138187
138349
138378
138383
138471
138634
138638
138672
138787
138834
138844
138847
138947
139027
139260
139331
139380
139525
139539
139655
139683
139706
139714
139792
139855
139932
140109
140137
140141
140329
140334
140374
140422
140670
140700
140724
140883
140909
140966
141105
141195
141223
141279
141319
141368
141390
141768
142096
142106
142234
142363
142821
142848
143153
143164
143309
143326
143353
143355
143392
143430
143485
143522
143531
143594
143830
143840
144018
144052
144073
144085
144141
144618
144833
144919
144946
145034
145040
145086
145104
145211
145350
145542
145682
145704
145808
146047
146068
146083
146228
146255
146333
146362
146543
146637
146649
146714
146935
146960
147010
147227
147466
147592
147620
147641
147734
147832
147923
147965
148032
148033
148406
148439
148471
148737
148764
148851
148857
148900
148975
148990
149060
149155
149180
149210
149218
149224
149546
149604
149634
149640
149656
149702
149744
149866
149975
149992
150071
150262
150278
150416
150510
150609
150656
150796
150818
150866
150933
151195
151254
151375
151484
151492
151633
151678
151714
151844
151893
151922
152027
152041
152051
152164
152275
152294
152420
152521
152585
152616
153024
153077
153122
153470
153475
153688
153746
154127
154760
154801
154891
154918
155028
155036
155229
155292
155302
155402
155506
155542
155675
155676
155764
155810
155818
155848
155902
156240
156243
156303
156429
156503
156585
156847
156887
156912
157062
157122
157260
157390
157598
157600
157649
157669
157818
157870
158299
158342
158352
158363
158409
158513
158688
158820
158843
158911
158976
159045
159120
159141
159458
159512
159574
159642
159788
159924
159961
160081
160350
160366
160490
160616
160680
160684
160741
160839
160908
160926
161029
161051
161056
161143
161360
161409
161652
161937
161951
161964
161989
162015
162028
162244
162692
162741
162846
162914
162971
162986
163059
163228
163290
163361
163534
163555
163608
163609
163680
163703
163745
163830
163845
163953
163978
164563
164628
164666
164934
165109
165229
165335
165379
165611
165730
165732
165810
165868
165897
165904
166090
166100
166166
166288
166390
166412
166443
166448
166491
166583
166716
166765
166769
167098
167834
167878
167885
167952
168059
168174
168256
168316
168317
168359
168456
168483
168552
168652
168712
168877
168898
168961
169008
169013
169023
169031
169067
169151
169542
169688
169883
170152
170260
170388
170506
170538
170631
170686
170703
170714
170857
170905
171169
171299
171358
171522
171525
171647
171850
171857
171891
171937
171958
171992
172079
172123
172271
172376
172400
172445
172520
172668
172728
172988
173034
173165
173219
173344
173575
173744
173792
173908
173922
173955
174074
174239
174267
174341
174422
174467
174554
174657
174730
174838
174848
174950
174995
175007
175126
175173
175217
175227
175253
175346
175372
175373
175405
175691
175699
175940
175954
176007
176098
176415
176444
176569
176609
176859
177027
177112
177243
177539
177599
178137
178200
178210
178270
178406
178426
178513
178552
178564
178610
178664
178800
178905
178914
178925
179062
179174
179201
179240
179357
179704
179761
179846
180022
180201
180402
180457
180538
180632
180699
180741
180913
180916
181094
181453
181516
181594
181829
181909
181930
181973
182110
182231
182234
182295
182325
182486
182495
182543
182881
183092
183237
183289
183296
183321
183381
183724
183784
183827
183845
183883
183959
184057
184187
184370
184376
184435
184520
184614
184629
184657
184762
184838
184894
185335
185361
185392
185465
185476
185713
185848
185878
185903
186091
186203
186504
186541
186634
186635
186739
186787
186818
186924
186931
187083
187316
187328
187391
187501
187616
187785
187857
187946
188095
188157
188159
188289
188331
188406
188487
188623
188867
189058
189082
189160
189360
189466
189607
189686
189896
189908
190003
190049
190147
190172
190309
190327
190348
190352
190737
190927
191029
191113
191140
191153
191236
191832
192155
192170
192213
192317
192485
192588
192643
192722
192916
192986
193201
