150
182
227
242
274
426
429
458
542
551
583
627
680
861
877
939
956
964
1007
1072
1217
1553
1577
1582
1658
1754
1779
1780
1826
1994
2053
2111
2132
2191
2294
2413
2469
2485
2547
2626
2682
2717
2733
2831
2999
3107
3443
3473
3485
3559
3577
3707
3854
3959
3994
4453
4643
4697
4753
4941
4953
5030
5093
5278
5286
5373
5516
5694
5841
5950
6076
6144
6148
6176
6257
6314
6528
6574
6738
6768
6935
7106
7110
7396
7600
7755
7771
7819
8054
8122
8163
8209
8251
8268
8278
8319
8401
8458
8578
8607
8798
8941
9001
9146
9147
9269
9334
9403
9415
9454
9779
9780
9812
9840
9842
9905
10156
10328
10393
10625
10697
10954
10997
11186
11217
11340
11363
11548
11600
11639
11654
11856
11887
11890
12154
12237
12253
12284
12460
12495
12590
12622
12655
12694
12820
12903
13027
13071
13313
13413
13495
13500
13605
13840
14160
14383
14495
14496
14682
14715
14820
14974
14993
14999
15052
15082
15162
15195
15205
15853
15940
16054
16189
16206
16374
16404
16516
16562
16724
16801
16875
17011
17192
17242
17351
17549
17563
17730
17760
17860
17989
18051
18122
18186
18471
18488
18605
18726
18829
18931
18936
19070
19099
19191
19345
19415
19463
19570
19579
19762
19838
19872
20105
20193
20259
20298
20302
20449
20640
20736
20800
20869
21048
21336
21357
21399
21724
21725
21783
21932
22035
22219
22226
22261
22403
22557
22624
22720
22815
22831
22871
23062
23088
23109
23135
23182
23250
23263
23298
23387
23467
23711
23818
23865
23933
24049
24134
24155
24169
24175
24250
24273
24294
24404
24426
24598
24642
24675
24800
24818
24839
24866
25225
25232
25460
25481
25488
25552
25589
25673
25831
25958
26007
26042
26229
26330
26407
26438
26573
26601
26813
26828
26912
26982
27076
27275
27284
27314
27366
27504
27579
27620
27648
27817
27906
28166
28173
28237
28313
28384
28601
28606
28684
28743
28750
28766
28777
28778
28841
28878
29021
29029
29046
29066
29110
29214
29321
29352
29456
29507
29633
29654
29695
29859
30104
30287
30372
30713
30724
30861
30876
31170
31195
31274
31370
31389
31425
31485
31586
31601
31603
31677
31752
31789
31826
31838
31890
32051
32089
32411
32520
32542
32780
32861
32989
33046
33204
33215
33362
33374
33396
33566
33610
33727
33959
33986
34037
34095
34180
34184
34225
34319
34412
34483
34690
34945
34966
35097
35229
35335
35352
35454
35477
35491
35577
35630
35635
35683
35715
35912
36104
36111
36311
36384
36409
36474
36573
36646
36686
36751
37491
37616
37618
37644
37918
37971
37985
38031
38169
38185
38275
38325
38386
38446
38545
38556
38649
38707
38745
38797
38931
38994
39321
39438
39530
39554
39863
39907
40115
40131
40157
40179
40494
40501
40649
40697
40884
40913
40991
41125
41492
41638
41666
41687
41840
41890
42123
42173
42311
42323
42414
42529
42733
43092
43127
43368
43429
43442
43575
43602
43665
43685
43721
43722
43734
43743
43801
43859
44257
44479
44539
44618
44668
44919
44928
44936
45093
45164
45224
45469
45739
45833
45841
45973
46038
46176
46241
46429
46660
46692
46852
47126
47196
47220
47292
47416
47418
47461
47503
47589
47782
47811
47845
47909
47969
48016
48292
48298
48375
48376
48636
48954
48987
49014
49102
49251
49415
49430
49549
49627
49631
49823
49830
49878
49949
50008
50033
50051
50125
50137
50215
50266
50423
50425
50430
50546
50751
50754
50957
51053
51083
51167
51203
51215
51236
51276
51413
51421
51443
51544
51662
51910
52226
52346
52370
52535
52546
52558
52743
52789
52827
52837
53118
53245
53323
53354
53529
53621
53688
53710
53740
53769
53864
54032
54080
54255
54415
54570
54615
54688
55001
55224
55267
55378
55589
55613
55850
55875
55941
56024
56065
56097
56481
56732
56831
56856
56870
56882
56946
57096
57229
57235
57354
57436
57540
57573
57867
57870
57887
57943
57994
58023
58184
58318
58364
58385
58424
58464
58786
59019
59035
59090
59295
59313
59373
59403
59404
59450
59488
59573
59677
59695
59774
59812
59853
59935
60070
60134
60154
60292
60369
60373
60407
60445
60460
60519
60549
60787
60815
60880
61055
61090
61176
61197
61579
61603
61627
61707
61769
61791
61898
61911
61912
61924
61980
62176
62528
62569
62580
62602
62610
62815
62890
62973
63032
63064
63275
63513
63588
63840
64004
64033
64085
64220
64577
64589
64660
64663
64698
64754
64755
64824
64913
65057
65063
65125
65229
65239
65305
65410
65510
65513
65517
65571
65573
65575
65703
65718
65807
65858
65864
65882
66162
66205
66363
66519
66528
66725
66802
66884
66891
66965
67135
67241
67569
67872
67944
67948
67968
68103
68399
68434
68486
68558
68561
68587
68633
68811
68816
68954
69131
69199
69297
69440
69497
69504
69715
69767
69998
70084
70370
70386
70501
70656
70832
70941
70942
71041
71281
71408
71419
71561
71868
71917
72069
72135
72262
72350
72459
72659
72768
72829
72940
73344
73409
73417
73936
73940
74324
74330
74448
74590
74595
74649
74778
74836
74886
74963
75234
75247
75333
75407
75570
75614
75843
75914
76008
76136
76171
76292
76422
76513
76617
76730
76732
76883
76945
77146
77164
77468
77538
77649
77681
77686
77797
77905
77939
78245
78251
78336
78344
78355
78632
78737
78753
78798
78885
79453
79565
79586
79650
79671
79703
79743
79953
80245
80291
80395
80416
80480
80799
80806
80812
80826
80856
80926
81002
81136
81429
81434
81519
81541
81565
81604
81619
81704
81734
81825
81926
81938
81983
82044
82123
82307
82376
82486
82537
82587
82641
82733
82993
83228
83408
83916
84168
84174
84352
84576
84612
84631
84637
84668
84669
84708
84935
84978
84980
85021
85199
85279
85488
85577
85598
85608
85681
85701
85752
85803
85853
86048
86133
86515
86534
86564
86660
86677
86807
86810
86842
86849
86987
87131
87188
87189
87204
87290
87480
87714
87766
87790
88040
88257
88300
88364
88421
88622
88788
88805
88828
88882
88986
89156
89232
89285
89344
89382
89421
89596
89634
89703
89738
89867
89962
90067
90094
90166
90397
90507
90519
90520
90613
90647
90648
90656
90668
90669
90678
90683
90695
90758
90781
90854
91006
91026
91055
91087
91090
91182
91292
91325
91345
91502
91545
91621
91864
91957
92083
92102
92131
92183
92326
92331
92341
92503
92511
92626
92657
92667
92845
92864
92907
93038
93144
93148
93163
93259
93296
93297
93367
93371
93384
93390
93515
93556
93679
93691
93723
93816
93867
93962
94020
94041
94092
94098
94228
94244
94266
94596
94601
94632
94634
94683
94706
94759
94814
94861
94893
94958
94977
95033
95178
95274
95313
95334
95360
95370
95377
95407
95463
95476
95502
95523
95738
95806
95929
95961
95962
96023
96095
96208
96504
96885
96904
97033
97116
97170
97210
97234
97262
97396
97416
97588
97613
97645
97693
97775
98286
98326
98373
98386
98417
98758
98888
99003
99069
99076
99089
99236
99292
99336
99626
99628
99683
99938
100022
100026
100064
100153
100489
100496
100537
100561
100598
100621
100693
100840
100953
101080
101279
101425
101440
101508
101515
101739
101753
101763
101915
101968
102073
102075
102125
102164
102261
102380
102387
102450
102536
102690
102746
103050
103083
103164
103230
103379
103504
103542
103634
103696
103699
103846
103856
103880
103971
104011
104076
104124
104164
104199
104276
104696
104700
104845
104854
105168
105175
105202
105224
105458
105545
105555
105809
105816
105869
106082
106108
106117
106290
106338
106345
106347
106450
106543
106700
106817
106851
106893
106894
106990
107036
107068
107145
107248
107321
107399
107443
107518
107546
107587
107738
107806
107823
107864
108063
108125
108238
108292
108447
108497
108573
108616
108626
108704
108895
109098
109105
109142
109276
109529
109728
109740
109764
109869
109891
109897
109966
110148
110199
110219
110260
110371
110418
110439
110481
110619
110774
111045
111081
111242
111447
111451
111554
111759
111772
111801
111826
111885
111933
111942
112077
112181
112183
112202
112261
112280
112285
112298
112360
112372
112440
112443
112469
112528
112627
112630
112693
112850
113134
113153
113167
113197
113255
113264
113340
113429
113530
113571
113639
113917
114130
114143
114200
114210
114301
114312
114687
114774
114807
114859
115054
115143
115205
115371
115398
115420
115600
115651
115676
115766
116053
116142
116204
116239
116345
116401
116467
116468
116470
116536
116549
116690
116713
116826
116950
117257
117292
117379
117477
117478
117539
117546
117721
117745
117848
117883
118048
118098
118130
118141
118427
118510
118513
118603
118622
119013
119019
119255
119276
119398
119470
119532
119576
119603
119749
119826
119963
120044
120174
120255
120345
120362
120542
120634
120664
120667
120708
120727
120741
120805
120878
120947
120956
120988
121051
121117
121141
121157
121200
121396
121667
121768
121838
121888
121902
122472
122552
122814
122915
123032
123296
123350
123387
123413
123471
123557
123576
123652
123740
123766
123955
124057
124283
124295
124337
124611
124698
124733
124759
125003
125053
125065
125068
125373
125579
125859
125867
125883
125884
125922
126013
126310
126482
126517
126732
126744
126816
126987
127000
127120
127339
127363
127373
127401
127503
127744
127864
127893
127955
127975
127977
128006
128451
128499
128545
128546
128608
128669
128678
128713
128751
128826
128926
129214
129245
129323
129357
129400
129508
129542
129552
129566
129638
129763
129976
130014
130039
130100
130146
130162
130220
130238
130422
130508
130513
130637
130988
131103
131275
131276
131284
131307
131308
131380
131486
131501
131567
131606
131630
131656
131711
131821
131895
131921
131987
131993
132143
132182
132590
132703
132812
132906
132918
133050
133059
133066
133087
133100
133263
133348
133404
133439
133590
133594
133686
133745
133967
134238
134258
134263
134365
134373
134433
134468
134632
134676
134917
134941
135094
135108
135138
135154
135365
135430
135444
135449
135583
135799
135886
136476
136502
136571
136590
137022
137106
137253
137381
137612
137850
137944
137947
138188
138220
138674
138725
138911
138929
139040
139080
139095
139208
139388
139402
139466
139534
139617
139632
139719
139907
140046
140125
140133
140336
140435
140554
140559
140743
140892
140966
141059
141294
141413
141619
141727
141816
141827
141896
142124
142163
142671
142740
142786
142847
142920
142937
143132
143141
143202
143206
143252
143348
143360
143586
143646
143699
143719
143721
143848
143858
143952
144018
144147
144226
144246
144454
144641
144658
144881
144968
144991
145003
145012
145094
145191
145202
145274
145422
145510
145608
145704
145710
146027
146053
146102
146132
146210
146271
146442
146479
146505
146535
146681
146810
146872
146890
147003
147070
147293
147317
147395
147432
147468
147539
147671
147753
147761
148040
148054
148143
148176
148265
148267
148295
148543
148608
148649
148800
148876
148887
148891
148897
148918
148920
149009
149038
149040
149068
149108
149198
149272
149301
149474
149486
149618
149625
149811
149831
149884
149962
149978
150104
150137
150305
150419
150467
150537
150563
150715
150799
150855
151061
151177
151300
151361
151394
151443
151458
151629
151646
151770
151779
151809
152037
152100
152165
152186
152253
152263
152350
152405
152582
152592
152845
152903
152954
152969
152982
153048
153152
153214
153358
153361
153419
153527
153574
153730
153813
153876
153891
153893
153913
154083
154089
154237
154518
154579
154683
154788
154913
154928
154967
155052
155282
155315
155418
155489
155548
155586
155721
155831
155954
156078
156108
156163
156430
156487
156514
156520
156597
156621
156631
156895
157035
157116
157166
157206
157504
157583
157684
157715
157735
157863
157899
157903
158157
158327
158425
158436
158474
158558
158723
158918
158996
159015
159059
159135
159273
159341
159437
159695
159728
159774
159911
160115
160126
160225
160267
160679
160715
160763
160800
160813
160873
160929
161163
161314
161393
161443
161464
161481
161612
161805
161898
161911
161923
161934
161938
162041
162042
162101
162369
162378
162510
162564
162573
162587
162796
163162
163268
163308
163393
163480
163678
163715
163739
163944
163999
164106
164181
164198
164271
164401
164506
164775
164895
165063
165097
165137
165138
165365
165385
165430
165728
165759
165765
165876
165881
166051
166172
166183
166194
166304
166344
166345
166518
166641
166648
166679
166825
166891
166904
167116
167261
167264
167317
167349
167397
167458
167568
167603
167622
167687
167750
167895
167920
168165
168168
168270
168455
168599
168642
168650
168696
168852
168914
168951
169041
169141
169153
169245
169337
169407
169548
169686
169847
170026
170030
170033
170227
170407
170501
170579
170629
170708
170800
170815
171133
171398
171428
171477
171557
171601
171663
171777
171879
172101
172157
172237
172416
172555
172583
172596
172600
172730
172863
172878
172896
173035
173130
173443
173465
173694
173803
173863
173866
173891
173926
173991
174124
174299
174574
174677
174837
174841
174844
175177
175181
175356
175377
175468
175597
175632
175847
176049
176126
176203
176340
176427
176590
176609
176686
176803
176858
176964
176977
177035
177077
177215
177456
177612
177774
177775
177942
177962
177995
178158
178260
178277
178377
178890
178951
179023
179294
179326
179401
179463
179560
179656
179671
179680
179685
179754
179787
179790
179896
180152
180279
180348
180736
180897
180942
181063
181264
181441
181594
181645
181700
181750
182213
182432
182485
182566
182812
182994
183039
183042
183092
183290
183394
183488
183511
183562
183645
183679
183687
183738
183776
183796
183867
183896
184222
184346
184392
184412
184415
184519
184721
184725
184908
185029
185158
185221
185323
185347
185421
185544
185591
185612
185640
185675
185686
185779
185911
186025
186191
186201
186251
186403
186515
186613
186750
186754
186882
186884
186891
187037
187043
187096
187123
187280
187471
187488
187537
187544
187604
187693
187768
187889
187914
188063
188512
188538
188648
188735
188770
188995
189037
189091
189277
189359
189462
189551
189557
189608
190029
190197
190259
190417
190510
190646
190749
190762
190799
190815
190867
190976
191037
191200
191360
191369
191385
191520
191537
191662
191700
191744
191947
191948
191953
191980
192274
192402
192420
192429
192460
192602
192667
192807
192870
192967
193086
193097
193149
193153
193174
193229
193342
193597
193906
193972
194128
194281
194340
194419
194441
194448
194554
194592
194609
194636
194661
194786
194837
194868
194926
194938
194990
195504
195514
195526
195552
195599
195629
195956
196079
196116
196165
196170
196378
196404
196425
196610
196846
196967
197189
197307
197527
197568
197808
197853
197892
198105
198257
198313
198371
198507
198548
198656
198893
198973
199067
199085
199122
199123
199197
199343
199412
199424
199546
199664
199668
200001
200086
200141
200147
200584
200661
200943
201011
201020
201122
201128
201147
201184
201229
201279
201311
201352
201364
201430
201474
201681
201892
201893
201903
202021
202025
202092
202151
202392
202590
202614
202951
202955
202962
203070
203124
203163
203269
203283
203291
203365
203452
203615
203621
203808
203869
203905
203996
204088
204280
204426
204512
204661
204763
204831
204891
205010
205159
205343
205474
205886
206251
206353
206491
206528
206558
206626
206639
206801
206802
206832
206979
207120
207168
207258
207565
207637
207750
207833
207980
208027
208037
208043
208128
208130
208242
208274
208280
208373
208391
208520
208551
208603
208631
208668
208704
208903
208965
209027
209044
209215
209279
209316
209372
209410
209586
209636
209661
209686
209881
209890
210014
210052
210054
210157
210315
210390
210584
210709
210859
211120
211193
211326
211531
211674
211703
211754
211892
211912
212216
212269
212291
212371
212383
212538
212589
212732
212847
212884
212916
212974
213106
213185
213222
213224
213246
213321
213376
213672
213674
213689
213700
213945
214088
214106
214176
214374
214482
214509
214541
214592
214598
214700
214705
214760
214842
214939
215224
215352
215594
215629
215643
215649
215708
215916
216196
216204
216260
216366
216846
216883
216908
216943
217076
217104
217297
217356
217436
217482
217526
217720
217767
218404
218419
218514
218590
218716
218724
218957
219045
219142
219152
219352
219424
219613
219631
219708
219737
219740
219747
219880
219934
220135
220182
220300
220316
220351
220523
220693
220827
220910
220967
221118
221162
221386
221420
221429
221495
221507
221511
221595
221680
221682
221689
221704
221774
221776
221797
221840
222055
222210
222227
222375
222487
222581
222648
222772
222885
223300
223426
223502
223679
223748
223805
223882
224176
224226
224323
224367
224531
224614
224619
224633
224688
224694
224726
224731
224869
225001
225004
225226
225403
225428
225429
225457
225545
225648
225662
225672
225820
225987
225993
226025
226035
226117
226185
226189
226234
226314
226440
226698
226734
226788
226971
226984
227040
227210
227268
227331
227502
227523
227526
227528
227588
227616
227735
228074
228075
228122
228225
228258
228312
228363
228408
228507
228517
228562
228567
228675
228773
228780
228859
228910
228926
229019
229071
229254
229480
229582
229663
229691
229751
229859
229969
230011
230016
230154
230254
230384
230603
230648
230670
230783
230791
230973
231176
231282
231303
231431
231592
231663
232015
232226
232333
232432
232657
232721
232781
232892
232916
232941
233030
233097
233114
233255
233361
233459
233519
233562
233597
233612
233642
233721
233785
233823
233892
233905
234110
234268
234424
234516
234589
234875
234876
234990
235008
235114
235307
235435
235471
235522
235735
235797
235980
236051
236220
236662
236870
236967
237095
237098
237173
237264
237298
237380
237427
237542
237599
237701
238063
238094
238225
238279
238330
238376
238441
238518
238541
238651
238659
238857
239130
239186
239371
239640
239981
240057
240238
240239
240342
240389
240581
240687
240873
240927
241073
241182
241408
241697
241750
241815
241861
242100
242170
242173
242309
242476
242484
242486
242680
242681
242765
242868
243034
243167
243200
243275
243816
243895
243941
244146
244272
244334
244385
244546
244596
245019
245047
245320
245541
245548
245967
246387
246574
246604
246684
246868
246961
247021
247245
247444
247574
247615
247638
247795
247897
248069
248104
248266
248297
248322
248348
248518
248561
248683
248685
248699
248701
248881
248985
249033
249039
249064
249093
249122
249125
249167
249194
249249
249285
249345
249480
249505
249570
249579
249621
249622
249646
249658
249676
249696
249800
249933
249935
250066
250081
250150
250157
250223
250480
250558
250634
250667
251206
251469
251554
251574
251627
251824
251914
251942
252067
252104
252276
252327
252347
252579
252709
252725
252726
252944
253208
253331
253428
253558
253600
253617
253693
253965
253970
254037
254103
254278
254297
254303
254407
254561
254943
254946
255102
255120
255232
255395
255469
255523
255535
255753
256117
256179
256326
256359
256380
256462
256490
256559
256633
256674
256687
256824
256831
256972
257021
257563
257685
257844
258331
258369
258379
258433
258455
258533
258586
258910
258967
259073
259214
259284
259297
259316
259318
259354
259404
259601
259639
259741
259759
259867
259917
260046
260103
260119
260184
260274
260335
260387
260401
260509
260580
260778
260799
260884
260973
261086
261154
261209
261285
261290
261563
261594
261664
261674
261798
261833
262001
262182
262319
262327
262450
262521
262848
262876
262884
262971
263077
263097
263116
263216
263236
263238
263265
263491
263561
263583
263603
263631
263690
263712
263742
263786
264032
264033
264113
264133
264180
264452
264465
264476
264487
264526
264635
264731
264908
264917
264953
265130
265299
265346
265445
265718
265728
265756
266073
266142
266235
266273
266323
266346
266418
266474
266649
266762
266850
266868
266900
266939
267217
267262
267312
267379
267399
267454
267478
267587
267645
267739
267876
268107
268347
268404
268486
268570
268579
268676
268759
268776
268854
269163
269186
269234
269264
269521
269736
269743
269854
269960
269961
269987
270024
270430
270449
270525
270532
270616
270793
270977
271291
271661
271770
271896
271897
271977
272009
272206
272219
272247
272329
272442
272469
272527
272625
272965
272977
272979
273000
273562
273648
273708
273715
273853
273932
273933
273976
273988
273995
274005
274137
274211
274245
274246
274308
274470
274596
274718
274828
274864
274892
274989
275069
275244
275248
275309
275318
275417
275539
275619
275660
275750
275988
276097
276164
276235
276323
276409
276420
276550
276660
276758
276785
276787
276815
276864
276978
277018
277026
277462
277507
277551
277839
277850
277911
277934
277946
277958
278080
278284
278305
278315
278477
278494
278522
278564
278575
278591
278676
278728
278756
278881
278916
279018
279097
279155
279235
279475
279480
279504
279674
279874
279965
279991
280126
280296
280324
280326
280344
280403
280438
280460
280620
280685
280755
281006
281019
281057
281215
281733
281764
281870
281985
282059
282189
282490
282626
282685
282715
282960
283055
283217
283482
283530
283541
283709
283874
283960
284308
284311
284374
284466
284468
284626
284631
284641
284790
284805
284806
284814
284916
285002
285102
285116
285167
285266
285388
285566
285653
285671
285708
285747
285831
285871
286058
286205
286220
286286
286667
286707
286745
286824
286913
287092
287097
287283
287483
287497
287550
287557
287599
287613
287806
287863
288341
288391
288580
288613
288737
288836
288840
288896
288985
289049
289070
289247
289271
289302
289454
289521
289569
289581
289616
289758
289803
289834
289921
289948
290006
290373
290374
290476
290528
290589
290594
290616
290704
290959
290972
291039
291043
291086
291135
291210
291225
291313
291350
291380
291455
291484
291590
291795
291812
291903
291986
292051
292137
292170
292351
292407
292414
292533
292659
292738
292992
293128
293176
293242
293318
293431
293571
293906
294144
294174
294199
294219
294220
294381
294389
294437
294438
294451
294475
294502
294522
294527
294844
295185
295214
295340
295360
295529
295572
295577
295596
295647
295785
295788
295931
295936
296039
296060
296147
296166
296177
296236
296361
296367
296381
296475
296764
296806
297272
297514
297789
298018
298060
298269
298343
298353
298517
298609
299295
299381
299437
299493
299516
299521
299685
300094
300133
300295
300408
300454
300482
300805
301028
301119
301121
301126
301160
301196
301369
301432
301441
301501
301504
301803
301848
301878
301959
302010
302016
302035
302068
302084
302271
302294
302346
302396
302477
302553
302735
302798
302825
302850
303380
303388
303407
303444
303684
303865
304015
304272
304282
304398
304467
304475
304506
304683
304715
304750
304765
304794
304854
304903
305173
305188
305228
305322
305691
305708
305804
305988
306022
306024
306066
306106
306280
306392
306528
306583
306603
306705
306711
306718
306750
306837
306914
307000
307009
307061
307369
307390
307400
307551
307637
307664
307992
308048
308095
308166
308199
308240
308276
308305
308310
308402
308438
308503
308513
308614
308656
309013
309040
309100
309150
309286
309409
309555
309586
309789
309994
310115
310212
310276
310356
310425
310454
310524
310689
310822
310824
310836
311166
311167
311217
311234
311309
311576
311613
312063
312097
312209
312214
312288
312390
312465
312589
312708
312936
312960
312987
313015
313256
313293
313351
313389
313491
313504
313531
313557
313742
313867
313913
314084
314182
314205
314377
314386
314533
314690
314710
314760
314763
314778
314881
314984
315006
315012
315056
315083
315151
315218
315338
315425
315470
315476
315531
315536
315708
315811
315889
315982
316128
316147
316251
316383
316387
316421
316432
316449
316557
316648
316914
317052
317060
317131
317248
317473
317493
317495
317552
317597
317652
317772
317784
317793
317861
317883
317885
317904
318026
318208
318277
318288
318446
318587
318602
318769
318777
318809
319080
319089
319301
319383
319485
319524
319546
319552
319849
320071
320089
320183
320233
320292
320372
320417
320572
320593
320619
320730
320761
320764
321125
321269
321497
321689
321843
321928
322113
322192
322320
322877
323023
323094
323190
323512
323518
323807
323816
323884
323983
324013
324169
324271
324305
324386
324545
324572
324589
324763
324766
324866
325033
325059
325126
325140
325283
325398
325622
325674
325745
325881
325942
326001
326027
326048
326236
326336
326513
326805
326982
327101
327107
327219
327291
327306
327412
327422
327595
327605
327610
327627
327822
327867
327984
328124
328223
328506
328546
328651
328883
328885
328900
328908
328930
328942
329006
329267
329326
329497
329530
329562
329660
329677
329722
329736
329798
329812
329823
329901
330097
330357
330370
330419
330459
330505
330512
330755
330779
330913
330938
330973
331108
331190
331253
331280
331675
331743
332306
332357
332378
332391
332415
332428
332443
332472
332873
333110
333163
333232
333368
333399
333404
333733
333768
333800
333804
333825
333915
333991
334047
334099
334363
334527
334541
334671
334901
334908
335172
335266
335304
335364
335367
335405
335427
335514
335539
335645
335897
336015
336037
336156
336161
336252
336899
337011
337130
337142
337154
337384
337596
337605
337686
337762
337903
338016
338019
338123
338156
338222
338284
338373
338632
338904
339008
339023
339177
339203
339251
339578
339648
339667
339947
339993
340186
340277
340294
340469
340580
340759
340779
340878
340902
340903
341039
341128
341419
341922
341950
342144
342230
342250
342360
342374
342402
342419
342480
342504
342575
342650
342664
342752
342776
342822
342858
342947
343090
343368
343372
343415
343464
343560
343566
343614
343832
343861
343870
343944
344014
344056
344241
344288
344369
344381
344452
344512
344636
344782
344794
345001
345097
345255
345416
345453
345525
345581
345670
345849
345856
345904
345905
346000
346058
346188
346478
346540
346543
346739
346787
346795
346910
346948
347094
347179
347191
347214
347233
347433
347453
347466
347624
347834
347876
348151
348365
348405
348411
348414
348419
348437
348661
348673
348692
348729
348843
348917
349086
349094
349117
349143
349294
349367
349526
349584
349607
349622
349632
349857
349903
350028
350035
350163
350246
350288
350319
350468
350559
350609
350662
350763
350772
350802
350839
350889
350897
350973
351175
351195
351408
351411
351417
351439
351542
351557
351608
351849
351957
351985
352123
352266
352276
352375
352380
352459
352507
352637
352652
352678
352692
352986
353151
353219
353407
353633
353750
353773
353866
353901
353913
353914
354047
354063
354286
354305
354804
354945
355038
355061
355139
355143
355248
355397
355430
355637
355643
355685
355799
355834
356089
356216
356338
356345
356452
356506
356554
356565
356820
357050
357092
357113
357293
357593
357626
357632
357669
357714
357748
357772
357888
357961
358166
358214
358467
358477
358527
358643
358677
358708
358737
358776
358782
358873
358925
359535
359754
359810
359902
359912
359922
360000
360054
360126
360371
360521
360564
360612
360634
360816
361035
361188
361195
361328
361549
361597
361621
361707
361744
361755
361806
361860
361892
361905
362175
362301
362308
362351
362392
362609
362648
362656
362670
362686
362713
362771
362964
362996
363220
363286
363346
363369
363596
363597
363713
363958
364001
364003
364137
364169
364219
364261
364321
364345
364436
364628
364770
364981
365173
365235
365317
365444
365524
365681
365713
365720
365756
365772
365773
365800
365904
365912
365936
366042
366165
366170
366525
366562
366786
366831
366880
366988
367073
367309
367352
367607
368089
368159
368270
368272
368586
368643
368699
368851
369071
369216
369291
369622
369667
369757
369779
369849
369971
370062
370246
370261
370333
370395
370495
370524
370877
370939
370943
371155
371168
371325
371514
371559
371628
371690
371745
372138
372244
372254
372393
372499
372538
372616
372637
372728
372842
372892
373026
373029
373045
373059
373095
373160
373205
373211
373231
373457
373629
373694
373724
373764
373784
373866
373918
373981
374218
374230
374268
374402
374434
374600
374613
374800
374833
374912
374973
375037
375242
375311
375323
375402
375596
375696
375701
375756
375861
375895
375933
375981
376199
376327
376375
376522
376562
376577
376851
376945
376954
377103
377198
377465
377660
377742
377812
377832
377981
378070
378214
378279
378303
378359
378543
378811
378910
378947
379061
379175
379272
379285
379362
379440
379457
379599
379723
379753
379799
379854
379884
379951
379955
379977
380141
380210
380418
380585
380682
380857
380949
380979
381056
381076
381111
381166
381284
381315
381525
381542
381607
381866
382260
382492
382509
382537
382565
382604
382680
382684
382769
382975
382976
383086
383115
383222
383249
383268
383292
383315
383417
383557
383580
383593
383598
383795
383835
383868
383955
383969
384011
384019
384128
384144
384562
384681
384694
384757
384864
385055
385083
385098
385135
385166
385252
385370
385400
385405
385665
385727
385769
385921
386092
386105
386109
386218
386300
386448
386573
386700
386747
386953
387187
387226
387438
387462
387529
387561
387602
387625
387709
387757
387758
387788
387808
387866
387879
387926
388227
388249
388292
388458
388488
388645
388683
388805
389247
389271
389290
389312
389392
389471
389708
389792
389873
389890
389927
389994
390023
390119
390152
390167
390216
390289
390398
390467
390468
390745
390757
390793
390815
390822
390930
390982
391000
391105
391204
391475
391613
391734
391969
392065
392228
392255
392363
392380
392393
392462
392609
392620
392655
392765
392782
392789
392871
392945
392962
393086
393151
393248
393256
393310
393351
393573
393753
393955
394040
394319
394348
394374
394442
394533
394560
394755
394782
394854
394923
394931
395156
395224
395365
395487
395539
395556
395654
395837
396104
396274
396412
396413
396963
397030
397279
397550
397571
397587
397745
397766
397889
398144
398168
398204
398479
398908
399045
399388
399528
399749
399870
399871
399872
399937
400053
400082
400149
400530
400566
400741
400784
400939
400940
400960
401032
401163
401305
401306
401407
401514
401522
401787
401937
402015
402042
402089
402096
402156
402190
402382
402565
402574
402609
402678
402718
402764
402810
403017
403116
403283
403320
403513
403558
403575
403633
403673
403731
403885
403893
404075
404247
404334
404602
404612
404780
404896
405113
405419
405425
405715
405802
405959
406001
406076
406346
406358
406407
406788
406901
406972
407051
407060
407075
407095
407459
407596
407652
407838
407928
408064
408068
408146
408262
408319
408528
408821
408893
408907
408954
409044
409045
409103
409111
409336
409430
409431
409457
409472
409779
410150
410375
410389
410567
410668
410669
410726
410792
410881
410929
410957
411047
411097
411204
411216
411223
411271
411320
411367
411454
411481
411558
411600
411745
411829
411836
411899
412200
412223
412402
412524
412608
412696
412707
412804
413114
413179
413232
413386
413413
413478
413488
413526
413625
413706
413741
413788
413834
413991
414024
414056
414076
414165
414271
414282
414297
414361
414419
414513
415032
415062
415072
415082
415338
415502
415534
415644
415770
415778
415780
415794
415888
415982
416206
416237
416315
416407
416493
416873
416954
417049
417138
417250
417277
417676
417848
418046
418212
418260
418289
418300
418375
418392
418469
418532
418572
418613
418689
418759
418976
418984
419022
419023
419145
419230
419334
419425
419724
419725
419728
419744
419866
419947
419984
420064
420095
420103
420201
420310
420338
420453
420571
420625
420654
420675
420768
420963
420965
420966
421147
421255
421294
421788
421853
421872
421932
422284
422295
422322
422350
422381
422424
422564
422706
422859
422998
423044
423112
423183
423228
423388
423445
423758
423818
423859
423889
424051
424170
424202
424429
424581
424962
425054
425176
425373
425401
425413
425463
425579
425656
425749
425910
426049
426087
426126
426170
426738
426810
426949
427050
427158
427293
427298
427339
427461
427499
427553
427694
427916
428141
428160
428173
428262
428289
428387
428458
428811
428817
428853
428936
429102
429154
429194
429228
429310
429371
429708
429945
429971
429973
430096
430158
430248
430340
430378
430457
430518
430533
430598
430647
430703
430820
430882
430904
431111
431266
431364
431386
431412
431585
431667
431785
431932
431933
432068
432194
432255
432341
432430
432499
432700
432842
432869
432871
432895
432925
432948
433008
433043
433058
433085
433279
433435
433603
433643
433746
433836
433883
434097
434251
434363
434375
434441
434493
434564
434567
434730
435056
435099
435353
435413
435446
435476
435647
435663
435691
435749
435774
435894
436056
436077
436089
436416
436467
436859
436891
436933
436958
436983
437049
437084
437108
437178
437304
437387
437411
437482
437496
437597
437890
437963
438010
438252
438357
438412
438464
438600
438737
438947
438953
439024
439042
439418
439730
439739
439785
439841
439951
440408
440487
440578
440615
440851
440974
440978
441077
441225
441252
441382
441456
441967
442252
442293
442502
442603
442818
442841
442892
443018
443066
443110
443183
443219
443246
443313
443585
443729
443821
443859
443887
443960
443976
444068
444102
444111
444117
444119
444132
444287
444320
444357
444388
444748
444806
444856
444912
445001
445031
445080
445116
445236
445350
445482
445564
445649
445661
445759
445802
446055
446168
446253
446284
446374
446385
446622
446713
446844
446997
447005
447435
447445
447571
447591
447615
447662
447690
447722
447764
447994
448045
448079
448229
448270
448449
448486
448597
448688
448802
448804
449344
449402
449508
449566
449748
449968
449991
450028
450099
450159
450407
450422
450693
450821
450825
450836
450913
450986
451029
451042
451045
451286
451298
451500
451910
452035
452043
452317
452514
452544
452751
452753
452809
452998
453124
453305
453563
454045
454163
454179
454445
454686
454767
454794
454990
455231
455266
455320
455348
455382
455439
455563
455655
455668
455936
456278
456340
456628
456675
456702
456846
456970
457033
457044
457082
457132
457162
457187
457262
457582
457727
457825
457899
457952
457956
457962
458249
458276
458293
458494
458495
458664
459067
459130
459160
459253
459344
459370
459514
459579
459738
459750
459817
459837
460120
460401
460526
460532
460766
460830
460836
460886
460896
460964
461179
461219
461237
461556
461624
461758
461807
461825
461830
462042
462172
462234
462254
462297
462309
462587
462599
462608
462635
462658
462692
462827
463112
463258
463305
463341
463423
463541
463683
463706
463743
463790
464033
464039
464049
464191
464318
464383
464480
464503
464560
464613
464616
464649
464679
464745
464803
464825
465328
465468
465478
465584
465608
465640
465782
465978
466065
466101
466157
466172
466176
466278
466281
466350
466467
466483
466519
466535
466776
466847
467068
467118
467302
467333
467548
467615
467772
467885
468066
468084
468281
468318
468374
468394
468398
468514
468607
468668
468712
468858
468951
469042
469238
469275
469327
469355
469359
469456
469564
469589
469615
469624
469746
469756
469763
469906
470024
470073
470220
470325
470414
470454
470463
470589
470749
470842
470862
470864
470938
470948
471012
471072
471080
471148
471189
471201
471215
471224
471364
471378
471396
471453
471727
471845
471910
472129
472255
472340
472494
472528
472561
472670
472724
472825
473090
473112
473190
473239
473349
473462
473525
473833
473862
474005
474090
474135
474373
474375
474388
474506
474592
474681
474813
475313
475341
475395
475728
475789
475802
475825
475867
476041
476169
476625
476685
476838
476921
476934
477049
477088
477152
477359
477407
477449
477488
477519
477744
477799
477939
477972
478110
478358
478527
478657
478727
478734
478792
478800
478923
478957
478987
479033
479145
479189
479447
479516
479619
479691
479705
479869
479988
480019
480032
480082
480137
480396
480524
480558
480592
480822
480893
480997
481163
481172
481202
481241
481298
481340
481341
481483
481527
481642
481654
481750
481834
481847
481901
481950
482035
482123
482148
482521
482706
482833
482864
482920
483008
483014
483414
483480
483482
483595
484000
484080
484086
484203
484269
484275
484665
484671
484738
484766
484809
484940
485051
485169
485184
485238
485368
485390
485406
485454
485766
485801
486047
486097
486101
486110
486151
486518
486566
486803
486823
486920
486973
487096
487105
487133
487186
487190
487219
487220
487329
487447
487639
487710
487723
487763
487766
488285
488344
488374
488381
488595
488661
488796
488918
488975
489146
489330
489338
489470
489506
489962
490116
490210
490373
490493
490516
490550
490670
490732
490797
490823
490991
490997
491078
491102
491230
491234
491239
491365
491433
491543
491624
491657
491714
491891
491968
492015
492019
492135
492158
492199
492344
492448
492559
492673
492894
492903
492939
493110
493161
493292
493402
493717
493938
494043
494417
494434
494537
494542
494550
494576
494656
494686
494796
494835
494873
495024
495034
495094
495233
495410
495435
495563
495671
495794
495868
495878
495902
495908
495914
496003
496052
496084
496186
496222
496249
496272
496371
496372
496381
496386
496703
496742
496839
497605
497716
497731
497790
497820
497855
497904
497963
497988
498001
498042
498137
498148
498170
498226
498233
498261
498599
498679
498723
498813
498835
499000
499061
499231
499287
499294
499571
499590
499614
499645
499817
499964
500072
500090
500100
500267
500316
500332
500343
500548
500553
500627
500705
500722
500733
501006
501026
501044
501080
501138
501147
501245
501267
501389
501461
501586
501886
502083
502308
502438
502446
502462
502624
502644
502678
502744
502748
502768
502870
503199
503252
503364
503472
503474
503490
503779
503825
504044
504223
504234
504248
504308
504509
504556
504587
504777
504805
504806
504812
504889
504949
504955
505001
505196
505210
505466
505519
505561
505573
505611
505799
506069
506253
506411
506515
506520
506850
506907
506909
506921
506950
507191
507421
507458
507489
507576
507799
507930
508002
508010
508016
508054
508078
508168
508342
508372
508386
508427
508592
508618
508953
508974
509406
509527
509534
509542
509662
509663
509741
509801
509928
510184
510296
510384
510392
510464
510470
510524
510706
510812
511029
511034
511081
511113
511305
511595
511685
511820
511888
511914
511923
511927
511969
512045
512163
512261
512355
512464
512469
512508
512534
512554
512823
512837
512857
513018
513036
513072
513119
513263
513355
513402
513408
513411
513448
513482
513524
513583
513641
513677
513749
513780
513865
513922
514002
514014
514015
514131
514330
514346
514483
514488
514639
514857
514862
514967
515079
515123
515159
515182
515257
515450
515541
515689
516107
516135
516158
516159
516202
516235
516478
516543
516611
516682
516796
516876
517093
517263
517402
517517
517621
517727
517750
517804
517888
517981
517999
518265
518361
518632
518665
518704
519002
519238
519372
519414
519434
519592
519601
519624
519628
519662
519669
519781
519874
519961
520067
520109
520115
520124
520204
520212
520260
520396
520415
520582
520641
520649
520769
520940
520989
520994
521107
521116
521379
521425
521528
521631
522167
522253
522264
522276
522330
522365
522439
522688
522765
522955
523076
523388
523400
523401
523463
523629
523639
523816
523830
523846
523925
524083
524157
524176
524242
524268
524299
524345
524563
525103
525132
525212
525227
525256
525293
525351
525437
525451
525454
525661
525669
525677
525728
526109
526153
526205
526369
526426
526698
526787
526917
527049
527089
527092
527122
527144
527153
527215
527232
527249
527512
527529
527613
527678
527695
527829
527899
527903
527908
527971
528070
528086
528261
528397
528404
528445
528738
528831
528920
529237
529573
529604
529657
529895
529945
529971
530165
530256
530315
530445
530469
530560
530693
530727
530733
530740
530816
530896
530901
531087
531151
531261
531322
531521
531718
531759
531770
531847
531874
531895
532095
532294
532358
532360
532437
532461
532492
532662
532700
532746
532770
532831
532918
532926
532967
533050
533078
533228
533233
533386
533398
533573
533606
533694
533779
533808
534147
534200
534255
534260
534329
534500
534613
534711
535009
535083
535115
535232
535298
535319
535371
535387
535493
535534
535634
535775
535814
535941
536123
536374
536419
536661
536900
536983
537025
537026
537050
537055
537286
537295
537305
537377
537486
537502
537560
537623
537730
537750
537925
538036
538327
538334
538360
538382
538699
538775
538786
538816
538939
539049
539053
539196
539573
539691
539890
540030
540039
540143
540191
540370
540398
540400
540415
540477
540519
540810
540961
541046
541110
541122
541181
541242
541307
541631
541644
541758
541829
541848
541897
541988
542068
542156
542218
542283
542453
542509
542585
542656
542929
542945
542992
543156
543192
543198
543290
543324
543467
543538
544024
544092
544261
544295
544303
544430
544501
544552
544597
544679
544706
544769
544946
545042
545101
545121
545221
545386
545410
545423
545448
545468
545538
545567
545717
545991
546015
546067
546323
546461
546549
546600
546742
546785
547148
547152
547189
547432
547447
547567
547571
547602
547790
547926
547960
547971
548127
548316
548372
548404
548416
548445
548478
548615
548618
548623
548740
548743
548823
548989
549059
549132
549188
549204
549697
549819
549831
549956
550009
550035
550056
550112
550144
550215
550217
550265
550348
550796
550871
550939
551438
551688
551755
551816
552016
552044
552094
552098
552110
552252
552308
552425
552477
552584
552677
552690
552847
552860
552950
553074
553308
553384
553778
553825
554046
554296
554371
554405
554408
554496
554708
554841
555002
555081
555239
555291
555337
555411
555463
555541
556025
556054
556079
556126
556237
556240
556341
556379
556557
556587
556716
556811
556902
556915
557113
557536
557735
557787
557810
557831
557835
558048
558087
558113
558297
558497
558525
558664
558884
559041
559097
559124
559218
559249
559540
559667
559792
559991
560032
560148
560273
560288
560402
560436
560697
560783
561084
561170
561380
561407
561451
561551
561745
561971
562249
562403
562491
562517
562625
562671
562811
562850
562923
562966
563054
563067
563101
563194
563209
563232
563292
563343
563370
563655
564439
564454
564500
564557
564559
564601
564787
564808
565133
565261
565297
565329
565342
565510
565568
565779
565782
565785
565926
566862
566880
567050
567069
567355
567415
567443
567684
567812
567947
567948
568002
568081
568090
568202
568216
568277
568309
568452
568464
568601
568971
569181
569399
569462
569480
569544
569825
569922
569940
570159
570248
570253
570349
570422
570445
570743
571152
571161
571212
571475
571494
571590
571950
572042
572051
572116
572327
572345
572515
572532
572638
572769
572924
572984
573155
573256
573377
573416
573423
573466
573469
573482
573512
573636
573886
573909
573941
574218
574240
574249
574292
574327
574472
574595
574636
574816
574822
574850
574879
574905
574946
575043
575257
575269
575334
575370
575494
575547
575642
575705
575762
575869
575885
575983
576195
576201
576460
576506
576657
576765
576774
576933
576964
577004
577116
577132
577219
577318
577375
577831
577900
578134
578209
578263
578273
578331
578339
578643
578692
578833
578881
578904
578916
579111
579140
579256
579286
579329
579360
579658
579684
579780
579833
579838
579905
579948
580103
580123
580143
580203
580286
580514
580559
580719
580721
580733
580830
580973
581051
581103
581271
581415
581434
581484
582297
582322
582392
582428
582498
582512
582810
582890
582899
582998
583015
583055
583462
583469
583488
583698
583799
583846
583905
584063
584158
584179
584278
584321
584364
584375
584396
584426
584469
584684
584739
584883
584995
585049
585192
585282
585428
585577
585766
585876
585926
586045
586085
586099
586207
586265
586456
586495
586576
586676
586807
586845
586865
586907
586938
586977
586981
586993
587189
587214
587219
587431
587571
587680
587701
587811
587874
587898
588133
588194
588198
588259
588267
588314
588517
588698
588945
589307
589483
589515
589553
589813
589892
589962
590045
590057
590112
590378
590465
590494
590518
590647
590918
590933
590937
591128
591130
591221
591437
591440
591448
591466
591580
591666
591731
591834
591862
592073
592275
592501
592614
592755
592794
592818
592830
592908
593042
593081
593116
593125
593136
593263
593279
593287
593351
593663
593725
593734
593737
593828
593976
594040
594115
594256
594260
594358
594618
594700
594838
595077
595157
595237
595387
595434
595571
595686
595717
595750
595775
595976
595979
595992
596013
596019
596252
596264
596508
596555
596578
596649
596690
597058
597110
597144
597191
597244
597701
597706
597735
597782
597821
597861
597892
598059
598073
598085
598208
598397
598438
598499
598670
598748
598826
598940
598994
599146
599165
599339
599407
599530
599649
599862
599868
599873
599947
600005
600006
600017
600071
600081
600088
600142
600442
600534
600602
600644
600676
600746
600792
600797
600942
601118
601182
601242
601639
601740
601805
601902
601916
601955
602062
602071
602082
602238
602283
602392
602492
602496
602583
602652
602668
602807
602824
602830
602846
602978
603112
603146
603293
603295
603367
603399
603601
603673
603684
603881
603890
604086
604170
604198
604249
604263
604423
604466
604497
604614
604819
604826
604835
604890
604940
605122
605335
605398
605422
605658
605887
605907
606229
606376
606404
606408
606409
606516
606599
606686
606775
606798
606909
607000
607088
607100
607119
607366
607392
607394
607436
607503
607612
607682
607728
607885
607913
607966
608091
608470
608517
608570
608685
608801
608813
608839
609076
609132
609166
609214
609273
609472
609854
609869
609872
609875
610052
610060
610121
610141
610205
610331
610374
610691
610713
610935
611096
611140
611147
611315
611723
611833
611881
611958
612344
612356
612368
612419
612493
612511
612534
612541
612602
612680
612772
612871
612908
613064
613167
613176
613367
613380
613787
613820
613907
614071
614284
614317
614370
614440
614443
614544
614550
614626
614659
614707
614712
615000
615073
615188
615223
615366
615405
615429
615492
615574
615657
615875
615923
615976
615978
616079
616280
616305
616376
616479
616491
616494
616730
616745
616791
616808
616819
616853
616899
617012
617025
617080
617137
617324
617363
617370
617472
617513
617529
617620
617625
617707
617818
617831
617951
618184
618192
618347
618673
618686
618729
618805
618991
619059
619125
619253
619281
619348
619420
619460
619475
619518
619532
619603
619687
619743
619881
620036
620044
620066
620080
620266
620368
620391
620438
620452
620455
620519
620572
620683
620798
620842
620849
620865
620933
621038
621105
621115
621141
621181
621206
621234
621338
621468
621754
621899
622220
622320
622367
622524
622692
622736
622787
622808
622969
623026
623032
623050
623172
623181
623420
623472
623473
623602
623648
623756
623862
624245
624310
624313
624732
624820
624832
624923
625054
625065
625132
625159
625418
625589
625626
625910
626205
626248
626289
626308
626336
626583
626746
626859
626949
627208
627255
627388
627391
627521
628011
628064
628209
628215
628294
628390
628469
628503
628515
628722
628736
628780
628844
628925
629013
629404
629444
629550
629743
629787
629845
629880
629943
630029
630071
630147
630245
630571
630576
630619
630635
630725
630965
630979
631045
631216
631304
631442
631467
631476
631546
631549
631706
631836
632083
632085
632115
632123
632190
632237
632259
632337
632417
632565
632795
632866
632981
633060
633066
633133
633147
633304
633427
633428
633492
633837
633900
633974
634031
634131
634250
634383
634475
634635
634733
634740
634755
634854
635086
635170
635389
635716
635944
635956
636104
636337
636408
636427
636495
636758
636946
637182
637366
637476
637618
637649
637670
637676
637837
637867
638152
638156
638162
638186
638792
638804
638880
638947
638972
639079
639323
639661
639789
639801
639822
639945
639963
640077
640255
640522
640633
640669
640722
640780
640787
640829
640889
640960
641066
641071
641268
641369
641455
641597
641677
641777
641831
641955
641993
642069
642146
642152
642296
642397
642439
642502
642519
642537
642660
642679
643069
643079
643121
643142
643151
643415
643423
643786
643844
643873
643883
643902
643937
644199
644294
644390
644459
644582
644862
645097
645140
645196
645234
645284
645334
645340
645343
645398
645403
645487
645640
645646
645673
645757
645785
645836
646045
646175
646416
646617
646726
646827
646952
646982
647059
647088
647126
647139
647192
647222
647232
647371
647459
647860
647942
648080
648118
648253
648286
648291
648411
648706
648954
648971
649289
649319
649322
649342
649413
649786
649812
650480
650666
650903
650940
651012
651099
651255
651336
651469
651477
651484
651548
651646
651647
651653
651724
651788
651855
652009
652021
652051
652078
652193
652233
652235
652427
652596
652674
652869
652881
653390
653672
653941
654045
654100
654167
654202
654289
654477
654519
654785
654800
654863
654978
655020
655085
655114
655115
655351
655401
655567
655637
655672
655674
655718
655782
655797
655823
655837
655875
655932
656278
656373
656379
656393
656452
656508
656583
656622
656669
657018
657054
657069
657125
657265
657276
657286
657431
657484
657599
657746
657810
658078
658100
658216
658468
658540
658780
658811
658844
658874
658966
659072
659094
659106
659144
659210
659307
659368
659393
659606
659638
659653
659746
659774
659776
659831
659951
659982
660181
660279
660434
660468
660512
660548
660678
660724
660726
660742
660793
660822
660876
660959
661013
661028
661057
661209
661212
661301
661581
661726
661777
661885
661901
661945
661977
662004
662291
662443
662580
662611
662702
662835
662913
662932
663467
663693
663698
663798
663939
664012
664030
664065
664074
664288
664475
664488
664499
664533
664534
664703
664766
664921
664953
665014
665070
665107
665249
665369
665470
665515
665549
665824
665853
665969
666039
666103
666131
666163
666191
666195
666204
666239
666411
666447
666702
666791
666965
667029
667104
667248
667319
667334
667341
667487
667570
667638
667666
667674
667829
667898
667934
667986
668034
668119
668242
668349
668541
668550
668612
668826
668883
668975
668989
668992
669031
669063
669146
669268
669277
669461
669530
669544
669603
669634
669686
669844
669960
669964
670026
670228
670238
670266
670328
670384
670430
670459
670520
670555
670633
670760
670905
670927
670973
670982
671178
671208
671269
671300
671327
671521
671702
671709
671717
671767
671855
672236
672527
672549
672761
672765
672798
672841
673098
673119
673203
673498
673559
673718
673900
673929
674046
674079
674106
674122
674415
674424
674528
674657
674754
674774
674799
674856
674873
674975
675163
675287
675484
675643
675646
675855
675857
676075
676175
676176
676228
676341
676398
676556
676578
676660
676875
676876
676881
676975
677015
677086
677180
677236
677268
677401
677464
677491
677545
677566
677584
677883
678120
678133
678374
678404
678502
678507
678592
678684
678732
678772
678852
679128
679139
679198
679411
679468
679856
679863
679936
679991
680025
680086
680149
680241
680439
680484
680508
680509
680603
680604
680678
680709
680801
680848
680895
681058
681079
681090
681144
681173
681202
681304
681345
681386
681487
681545
681804
682021
682031
682052
682134
682380
682496
682737
682739
682800
682811
682851
682897
682973
683011
683088
683125
683296
683311
683404
683449
683458
683611
683698
683752
683884
683934
683978
684016
684132
684202
684218
684221
684223
684845
684856
684938
684946
684952
685125
685180
685257
685298
685387
685445
685459
685599
685613
685710
685806
686054
686090
686119
686219
686556
686644
686673
686785
686989
687257
687285
687305
687346
687447
687644
687807
688062
688180
688222
688226
688302
688392
688399
688418
688592
688600
688701
688797
688836
689274
689325
689333
689351
689413
689428
689883
689916
689998
690063
690132
690147
690480
690533
690581
690659
690732
690811
690876
690883
690944
690974
691041
691176
691271
691369
691493
691620
691631
691686
691852
692059
692246
692267
692284
692343
692369
692395
692433
692537
692624
692725
692804
692885
693024
693065
693088
693148
693294
693364
693371
693525
693534
693598
693696
693756
693779
693831
693854
694278
694336
694438
694539
694632
694956
694965
694999
695103
695244
695306
695413
695503
695758
695937
696160
696219
696305
696518
696712
696716
696779
696969
696972
697089
697332
697446
697499
697611
697640
697670
697882
697890
697984
698073
698074
698083
698112
698209
698252
698323
698384
698394
698468
698588
698653
698725
698837
698953
699138
699196
699227
699255
699314
699327
699387
699390
699571
699591
699995
700016
700050
700149
700241
700460
700752
700761
700961
701042
701153
701208
701385
701590
701666
701735
701815
701913
702002
702059
702127
702201
702382
702439
702474
702499
702549
702560
702616
702780
702847
702985
702995
703022
703025
703026
703030
703064
703146
703243
703303
703334
703466
703569
703682
703936
704120
704246
704566
704583
704654
704657
704683
704775
705020
705038
705246
705316
705399
705502
705545
705609
705883
705912
706069
706104
706123
706125
706150
706162
706267
706319
706457
706480
706737
706740
706873
706901
706926
706965
707105
707174
707434
707490
707614
707643
707718
707772
708128
708180
708400
708445
708487
708604
708725
708761
708864
709066
709212
709593
709638
709847
709875
709919
709958
709968
710017
710065
710079
710100
710138
710331
710379
710388
710407
710427
710591
710684
710702
710839
710845
710846
710848
710957
711130
711185
711254
711301
711303
711320
711370
711405
711494
711731
712019
712078
712236
712245
712345
712461
712477
712480
712565
712691
712693
712755
712815
712837
712858
712860
712936
712952
713173
713202
713327
713345
713352
713571
713591
713784
714018
714033
714138
714148
714351
714412
714574
714633
714634
714653
714664
714864
715091
715233
715294
715358
715366
715490
715525
715589
715651
715678
715837
715906
715942
715943
716103
716181
716240
716362
716383
716685
717179
717188
717279
717387
717433
717441
717615
717646
717821
717836
717871
717873
718058
718315
718326
718401
718535
718591
718651
718659
718728
718886
719055
719101
719227
719251
719290
719483
719556
719562
719583
719587
719729
719775
719855
719935
720001
720117
720138
720149
720295
720399
720610
720664
720727
720804
720822
721181
721223
721268
721275
721414
721496
721559
721707
721794
722055
722128
722220
722625
722632
722688
722753
722797
722921
723043
723419
723426
723643
723666
723672
723795
723881
723944
724042
724152
724331
724366
724414
724485
724498
724569
724663
724707
724933
724971
725122
725290
725298
725322
725356
725374
725436
725441
725543
725564
725710
725761
725882
725920
725979
726336
726344
726348
726485
726515
726643
726773
726793
726949
727165
727268
727270
727562
727592
727594
727781
727874
727935
727943
727985
728197
728198
728263
728333
728348
728354
728507
728615
728784
728848
728873
728911
729038
729043
729144
729206
729688
729861
730066
730118
730267
730281
730341
730486
730692
730993
731022
731210
731270
731336
731341
731408
731464
731471
731499
731500
731557
731560
731578
731634
731669
732237
732303
732548
732572
732722
732796
732866
732875
732972
733083
733217
733277
733295
733381
733387
733449
733592
733761
733825
733831
733849
733937
734017
734160
734384
734492
734564
734612
734619
734632
734731
734792
734945
735055
735111
735161
735247
735352
735466
735562
735573
735598
735850
735869
735961
736064
736087
736092
736215
736236
736282
736354
736572
736657
736743
736749
736762
736889
736947
736978
736993
737028
737122
737139
737308
737332
737437
737444
737581
737709
737731
737774
737786
738000
738089
738140
738182
738234
738378
738521
738662
738694
738700
738718
738766
738895
738976
739013
739114
739130
739151
739222
739240
739246
739319
739376
