62
70
81
160
182
198
297
340
572
615
1007
1148
1225
1327
1330
1333
1466
1525
1691
1768
1954
2019
2103
2104
2310
2433
2502
2646
2703
2806
3180
3196
3375
3464
3682
3729
3738
3743
3983
4348
4449
4615
4735
4789
4898
4956
5089
5132
5155
5214
5227
5288
5365
5536
5580
5799
5882
5906
5944
6096
6105
6174
6293
6347
6368
6375
6416
6515
6516
6537
6556
6593
6647
6697
6870
6966
7039
7105
7119
7264
7267
7489
7494
7512
7607
7618
7642
7734
7808
7823
7866
7926
7999
8028
8174
8180
8240
8259
8287
8376
8425
8475
8653
8724
8807
8869
8925
8929
8950
9000
9074
9165
9523
9529
9615
10091
10390
10455
10458
10511
10529
10537
10556
10557
10566
10589
10745
10806
10807
10818
10881
10885
10892
10932
11169
11183
11371
11385
11392
11499
11610
11648
11820
12003
12070
12108
12206
12431
12481
12498
12832
12946
12979
13116
13362
13470
13652
13711
13812
13913
13914
14025
14056
14071
14162
14165
14215
14306
14456
14759
14774
14793
14834
14984
15015
15058
15139
15267
15329
15337
15392
15419
15546
15554
15714
16029
16142
16477
16513
16704
16718
16730
16731
16824
16834
16879
16986
17053
17094
17175
17176
17259
17401
17547
17606
17755
17800
17815
17972
18007
18136
18142
18167
18207
18418
18436
18501
18538
18595
18786
18860
19019
19037
19072
19101
19151
19187
19208
19393
19435
19567
19618
19787
19868
19926
20055
20174
20274
20392
20538
20540
20728
20734
20739
20953
21232
21357
21451
21478
21526
21613
21657
21685
21733
21865
21993
22064
22188
22579
22929
23065
23292
23304
23476
23604
23650
23820
23823
23830
23883
23974
24045
24242
24331
24361
24704
24750
24767
24876
25038
25078
25436
25467
25479
25491
25613
25719
25929
25941
26008
26018
26023
26038
26044
26209
26251
26341
26371
26545
26723
26764
26789
26794
26851
26907
26952
26955
27014
27112
27189
27271
27360
27477
27494
27602
27691
27751
27755
27849
27905
27928
27954
28005
28021
28112
28179
28335
28400
28531
28575
28731
28765
28902
28916
29146
29148
29246
29299
29418
29436
29692
29777
29940
30092
30124
30318
30435
30466
30664
30821
30953
30966
31014
31163
31190
31303
31396
31666
31811
31915
32016
32114
32145
32282
32365
32515
32534
32547
32627
32630
32769
32777
32834
32958
33027
33277
33322
33579
33668
33711
33921
34086
34185
34257
34657
34692
34714
34770
34988
35037
35047
35122
35131
35233
35519
35558
35636
35698
35794
35820
35837
35856
35892
36010
36013
36085
36112
36164
36344
36348
36420
36454
36662
36680
36738
36754
36767
36818
36857
36930
36941
36972
37057
37063
37079
37087
37091
37141
37218
37229
37305
37677
37696
37813
37837
37850
37920
37962
37967
38001
38119
38541
38589
38596
38631
38681
38762
38772
38834
38899
38975
39090
39144
39200
39249
39373
39434
39519
39638
39639
39794
39887
39937
39945
40034
40061
40089
40109
40163
40197
40254
40423
40426
40784
40862
40971
40974
41312
41682
41719
41928
41933
42149
42204
42234
42254
42267
42414
42419
42449
42464
42478
42563
42621
42644
42654
42733
42776
42798
42896
43013
43032
43036
43059
43068
43258
43323
43340
43377
43406
43483
43581
43618
43713
43750
43799
44017
44050
44128
44196
44461
44664
44683
44702
44802
44989
45011
45049
45153
45155
45157
45242
45481
45536
45548
45610
45763
45985
46047
46146
46339
46343
46484
46695
46768
46860
47096
47154
47559
47781
47816
47861
47966
47967
47971
48111
48146
48196
48279
48395
48413
48469
48630
48666
48728
48843
48967
49020
49044
49190
49521
49550
49573
49601
49855
49877
49995
49999
50045
50080
50088
50256
50306
50475
50634
50706
50742
50768
50826
50908
51086
51150
51217
51543
51579
51610
51651
51652
51670
51948
52025
52095
52174
52512
52638
52750
52829
52831
52985
53251
53384
53387
53683
53825
54138
54355
54378
54425
54808
54978
55001
55147
55278
55308
55421
55672
55711
55757
55968
56017
56203
56498
56538
56695
56822
56969
57219
57429
57569
57583
57733
57793
58049
58174
58230
58334
58647
58689
58707
58735
58757
58819
58837
58919
59027
59286
59302
59423
59519
59555
59648
59696
59826
59963
60131
60208
60212
60383
60462
60564
60735
60754
60822
60920
60950
60984
61269
61339
61401
61436
61519
61526
61668
61778
61820
61867
61921
62250
62384
62444
62511
62512
62648
62732
62761
62861
62875
63223
63348
63439
63460
63577
63627
63755
63881
63904
63905
63959
63963
64127
64145
64246
64313
64315
64778
64819
64921
65287
65322
65330
65362
65462
65463
65489
65491
65544
65674
65732
65887
65915
65929
65982
66045
66244
66322
66419
66485
66512
66591
66675
66769
66819
67035
67197
67360
67468
67547
67625
67632
67733
67809
67928
67958
68057
68128
68365
68487
68625
68804
68866
68871
68911
69141
69146
69225
69265
69433
69567
69816
69821
69845
69870
70375
70487
70785
70862
71089
71143
71183
71296
71490
71726
71735
72014
72098
72293
72301
72524
72670
72728
72764
72815
72851
72903
72984
73050
73093
73184
73292
73308
73378
73409
73623
73702
73745
73785
74041
74181
74236
74277
74323
74630
74680
74771
74798
74924
74945
75053
75156
75233
75419
75498
75570
75581
75764
75837
76015
76067
76132
76204
76222
76253
76423
76474
76487
76494
76580
76581
76643
76806
76807
76890
77303
77350
77356
77358
77367
77407
77541
77678
77964
78008
78085
78115
78136
78230
78239
78249
78259
78447
78644
78652
78696
78784
78796
78812
78902
79100
79396
79637
79712
79740
79774
79867
79895
79948
80020
80062
80163
80179
80240
80315
80449
80526
80532
80545
80567
80627
80688
80762
81113
81157
81546
81563
81620
81770
81773
81841
81896
81936
81969
81971
81991
82107
82124
82141
82193
82288
82335
82375
82423
82500
82742
82986
83045
83165
83366
83619
83704
83740
83748
83801
83898
83948
83964
84080
84121
84249
84391
84456
84571
84596
84978
85134
85181
85224
85259
85437
85458
85493
85845
85870
86017
86114
86123
86163
86196
86402
86444
86632
86652
86739
86816
86866
87034
87227
87398
87411
87429
87536
87584
87599
87737
87938
88034
88230
88337
88356
88388
88404
88430
88651
88693
88765
88774
88992
89119
89245
89251
89292
89442
89563
89607
89664
89732
89953
90114
90156
90184
90297
90416
90443
90459
90501
90513
90605
90608
90658
90667
90704
90869
90908
91095
91135
91164
91457
91627
91730
91808
91819
91825
92035
92055
92276
92303
92375
92634
92740
92796
92883
92936
93018
93053
93113
93176
93228
93309
93383
93736
93992
94011
94325
94507
94801
94993
95018
95041
95051
95136
95154
95274
95316
95393
95470
95474
95520
95561
95646
95705
95834
95886
96086
96147
96556
96628
96706
96734
96815
97081
97144
97286
97380
97542
97550
97617
97714
97722
97791
97804
97970
98000
98080
98193
98288
98400
98445
98452
98551
98628
98667
98835
98953
98969
98977
99027
99179
99283
99285
99306
99326
99357
99726
99739
99818
99820
99834
99865
99912
99927
99954
100246
100330
100419
100426
100456
100465
100506
100509
100609
100740
100802
100841
101174
101362
101477
101568
101599
101826
102021
102171
102212
102503
102815
102869
103115
103207
103347
103447
103510
103558
103599
103609
103787
103823
103934
103975
103997
104356
104480
104888
104910
104939
105023
105150
105164
105370
105596
105703
105756
105837
105878
105972
106011
106477
106516
106687
106693
106926
106943
107054
107120
107148
107159
107259
107726
107761
107785
108074
108176
108225
108402
108478
108535
108622
108701
108703
108852
108985
108997
109108
109232
109314
109347
109500
109530
109593
109617
109772
109845
109869
109921
110054
110165
110191
110273
110356
110403
110578
110625
110638
110843
110847
110928
110966
111068
111117
111268
111320
111805
111862
111904
112156
112248
112311
112402
112436
112534
112663
112813
112966
113016
113065
113147
113188
113448
113499
113606
113628
113968
114061
114089
114101
114164
114181
114184
114215
114329
114397
114407
114486
114583
114652
114692
114707
114789
115035
115267
115379
115404
115435
115506
115558
115766
115849
115903
115934
116006
116034
116211
116473
116490
116665
116799
116805
116823
116829
116983
117022
117229
117538
117609
117796
117803
117826
117876
117908
118040
118174
118300
118357
118360
118473
118616
118660
118814
118916
118963
118996
119022
119109
119352
119501
119659
119694
119965
120053
120078
120163
120212
120306
120480
120551
120616
120644
120777
120802
120878
120893
121224
121337
121440
121519
121584
121781
121859
121890
121960
122188
122235
122293
122489
122497
122739
122906
123047
123059
123306
123314
123384
123428
123611
123677
123874
123969
124033
124102
124111
124178
124301
124318
124419
124482
124509
124530
124584
124702
124857
125006
125104
125259
125312
125406
125513
125540
125562
125633
125649
125686
125755
125797
125848
125887
125899
125983
126031
126040
126133
126149
126202
126372
126403
126528
126564
126638
126647
126984
127282
127524
127575
127616
127641
127677
127683
127718
127854
127967
127981
128020
128053
128097
128128
128232
128241
128550
128649
128690
128691
128838
128924
129040
129404
129638
129763
129785
129814
130162
130397
130669
130752
131101
131171
131272
131332
131639
131680
131891
131914
132136
132141
132836
132861
132918
133030
133057
133289
133297
133459
133547
133768
133824
133865
133890
133955
134146
134371
134496
134639
134648
134748
134862
135069
135073
135183
135495
135544
135793
135871
136006
136013
136088
136119
136204
136280
136414
136564
136682
136696
136707
136866
136884
137026
137052
137076
137196
137232
137237
137343
137420
137480
137521
137623
137704
137743
138016
138102
138115
138133
138182
138340
138650
138859
138878
138977
139015
139110
139192
139314
139419
139438
139481
139490
139629
139747
139772
139993
140001
140038
140230
140297
140507
140760
140904
140974
141298
141665
141765
142122
142254
142262
142299
142680
142825
142838
142940
143009
143098
143233
143374
143382
143619
143643
143684
143857
143892
143926
144011
144019
144208
144366
144525
144675
144757
144800
144923
144926
145015
145097
145236
145327
145365
145397
145408
145460
145574
145763
145925
146008
146151
146168
146173
146188
146218
146388
147118
147128
147147
147348
147520
147744
147795
148007
148026
148138
148154
148187
148233
148287
148323
148425
148475
148606
148797
148817
148981
149067
149101
149222
149329
149340
149647
149660
149736
149740
149837
149891
149922
149987
150095
150151
150171
150198
150230
150239
150657
150693
150863
150869
150935
150982
150984
151117
151202
151324
151436
151784
151883
151959
151972
152362
152380
152450
152514
152618
152787
152794
152937
153185
153296
153420
153556
153571
153984
154007
154124
154150
154214
154217
154219
154342
154426
154556
154605
154627
154647
154693
154732
154815
154867
154949
154963
154965
155028
155052
155135
155246
155278
155297
155338
155496
155497
155520
155582
155596
155741
155803
155923
156216
156436
156469
156619
156726
156764
156860
156941
157027
157074
157082
157205
157235
157237
157316
157331
157504
157551
157556
157648
157661
157673
158097
158252
158320
158343
158396
158552
158643
158785
158799
158828
158966
159014
159064
159088
159227
159237
159310
159315
159384
159417
159421
159479
159505
159537
159605
159677
159879
159882
159894
160020
160031
160035
160064
160172
160308
160427
160443
160865
161249
161252
161495
161536
161856
161893
161980
161983
162003
162037
162147
162281
162546
162640
162706
162740
162942
163023
163290
163296
163310
163313
163400
163411
163512
163841
163875
163877
163900
163964
164038
164194
164311
164323
164392
164429
164552
164557
164587
164674
164742
164886
164984
165023
165057
165175
165363
165430
165510
165575
165742
165746
165835
165868
166180
166252
166322
166401
166483
166521
166558
166624
166634
166671
166688
166699
166754
166918
166931
166948
167293
167600
167822
168046
168097
168412
168460
168485
168535
168566
168576
168636
168639
168665
168712
168749
168751
168850
168867
168980
168983
169084
169186
169233
169362
169380
169461
169463
169604
169808
169927
169938
170055
170237
170254
170299
170304
170520
170538
170554
170572
170894
170898
170921
171010
171026
171046
171157
171175
171598
171651
171829
172115
172180
172203
172360
172377
172572
172575
172658
172774
172925
172972
172998
173090
173177
173322
173599
173752
174059
174137
174145
174200
174209
174236
174262
174274
174283
174288
174552
174679
174876
174878
174917
175156
175180
175221
175224
175316
175446
175521
175629
175689
175723
175738
175774
175912
176125
176141
176206
176237
176589
176834
176896
176910
176927
176962
177173
177272
177478
177809
178055
178129
178160
178202
178405
178490
178549
178592
178609
178705
178723
178913
178950
178962
179068
179075
179113
179120
179554
179570
179638
179941
180066
180081
180643
180787
180801
180824
180838
180845
180855
180897
180908
181087
181171
181296
181592
181596
181818
181840
181945
182108
182196
182257
182592
182632
182660
182817
182982
183050
183056
183080
183182
183288
183331
183423
183518
183607
183623
183712
183779
183834
183875
183898
184063
184142
184191
184343
184417
184781
184830
184832
185446
185600
185634
185704
185782
185808
185852
185866
185892
186034
186201
186286
186354
186383
186403
186471
186557
186697
186733
186749
186772
186786
186926
186985
187224
187324
187680
187701
187806
187853
187874
187900
187941
187942
188049
188065
188084
188122
188225
188288
188320
188451
188616
188776
188802
188808
188879
188948
189101
189205
189214
189236
189285
189297
189320
189372
189635
189656
189793
189878
189886
189930
190039
190065
190143
190354
190371
190383
190447
191113
191220
191366
191584
191617
191718
191723
192059
192278
192308
192332
192405
192495
192586
192626
192764
192838
193233
193371
193532
193909
193934
193959
193978
194056
194059
194108
194180
194261
194425
194483
194488
194506
194554
194595
194669
194677
194711
194734
194742
194897
194907
195008
195178
195695
195707
195780
195835
195963
196276
196282
196297
196355
196446
196640
196802
196817
197124
197172
197270
197490
197579
197590
197669
197976
198069
198089
198155
198183
198189
198313
198782
198880
198996
199015
199030
199074
199140
199162
199363
199454
199521
199611
199713
199738
199840
199853
199907
200037
200074
200096
200155
200316
200626
200647
200907
200990
201004
201073
201215
201242
201251
201287
201327
201408
201506
201515
201602
201716
201730
201830
201947
202166
202314
202325
202359
202555
202582
202667
202781
202866
203019
203115
203191
203451
203459
203603
203627
203675
203813
203843
204196
204340
204481
204529
204569
204698
204794
204892
205105
205149
205176
205211
205415
205461
205584
205625
205799
205881
205905
205906
206038
206143
206605
206625
206649
206675
206726
206838
206939
207024
207132
207193
207345
207353
207481
207500
207551
207604
207625
207751
207956
207978
208013
208110
208189
208199
208201
208230
208517
208671
208681
208789
209025
209047
209155
209419
209577
209634
209967
210122
210162
210165
210194
210217
210219
210339
210386
210404
210423
210612
210681
210734
210768
210867
210880
211152
211230
211279
211294
211324
211364
211406
211473
211754
211780
211877
211979
212031
212054
212069
212368
212421
212456
212583
212866
212870
212872
212978
213092
213181
213234
213302
213358
213451
213454
213540
213761
213767
213790
213905
214000
214130
214171
214393
214488
214530
214690
214815
214971
215325
215357
215360
215367
215605
215683
215739
215761
215851
215869
215890
215952
215989
216212
216314
216368
216371
216677
216715
216848
216936
216961
216981
217174
217190
217199
217381
217477
217553
218083
218434
218518
218612
218784
218825
218861
218910
218954
219456
219641
219658
219863
220034
220048
220111
220144
220207
220317
220432
220457
220516
220535
220610
220618
220678
220701
220702
220789
220805
220817
220881
220976
221044
221138
221139
221142
221383
221498
221527
221672
221762
221867
221965
222126
222185
222308
222499
222509
222707
222731
222757
222796
222840
223027
223299
223305
223328
223344
223405
223530
224074
224118
224142
224191
224270
224374
224420
224482
224659
224690
224702
224843
225050
225104
225223
225558
225686
225729
225817
225874
225920
226164
226202
226255
226291
226348
226353
226423
226642
226875
226981
227229
227390
227466
227532
227703
227744
227798
227936
228031
228034
228106
228155
228257
228305
228370
228441
228499
228611
228846
228944
229486
229559
229604
229605
229808
230053
230131
230362
230376
230452
230455
230590
230779
230805
230983
231006
231066
231068
231190
231216
231330
231338
231428
231493
231494
231517
231565
231789
231852
231853
231858
232004
232032
232055
232214
232227
232241
232292
232416
232481
232656
232999
233033
233087
233655
233734
233861
234242
234257
234268
234492
234646
234755
234777
234801
234963
235007
235025
235052
235232
235274
235316
235491
235519
235520
235575
235622
235646
235650
235692
235886
235966
236024
236256
236337
236545
236594
236633
236680
236725
236963
236970
237052
237129
237145
237147
237157
237197
237345
237487
237509
237512
237592
237711
237719
237913
238148
238201
238221
238270
238304
238386
238504
238567
238639
238830
239089
239147
239203
239230
239273
239354
239409
239414
239516
239705
239720
239721
239796
240089
240448
240822
240866
240933
240975
241206
241352
241412
241514
241555
241613
241678
241696
241704
241864
241866
241922
242153
242212
242218
242651
242715
242758
243322
243330
243344
243406
243420
243588
243843
243945
244143
244317
244326
244408
244613
244646
244698
244821
244962
245000
245192
245220
245331
245352
245370
245532
245540
245612
245647
245884
246168
246208
246267
246274
246318
246433
246515
246638
246647
246813
246889
246948
247004
247365
247372
247403
247565
247605
247655
247737
247748
247806
247834
247919
248048
248077
248087
248119
248143
248226
248568
248606
248630
248876
248894
248912
249005
249035
249185
249510
249561
249678
249741
250075
250270
250296
250367
250393
250634
250763
250832
250878
250880
250886
251033
251127
251161
251415
251539
251593
251807
251830
251835
251959
252004
252070
252316
252390
252439
252451
252467
252590
252679
252857
252893
253026
253356
253469
253622
253822
253925
254088
254128
254177
254185
254226
254280
254390
254393
254410
254466
254521
254699
254704
254742
254815
254825
255031
255132
255145
255167
255360
255579
255650
255833
255868
256068
256107
256124
256181
256198
256359
256411
256687
256696
256909
257051
257352
257371
257461
257478
257521
257537
257540
257575
257992
258669
258746
258751
258797
258832
258834
258855
258882
258884
259091
259106
259189
259248
259254
259265
259463
259464
259929
260395
260426
260571
260629
260826
260898
260996
261070
261202
261224
261251
261421
261464
261475
261601
261716
261788
261847
261970
262064
262178
262197
262319
262432
262437
262510
262752
262787
262866
262924
262976
263014
263050
263074
263311
263497
263533
263627
263642
263670
263672
263793
263931
263944
263952
264290
264291
264463
264510
264662
264703
264796
264870
264921
265027
265033
265036
265058
265110
265185
265188
265263
265519
265614
265620
265793
265922
266110
266333
266427
266453
266471
266553
266650
266700
266779
266816
266855
266863
266878
266913
266969
267020
267063
267307
267325
267526
267598
267631
268149
268158
268173
268214
268390
268608
268632
268658
268809
269108
269258
269375
269621
269675
269676
269826
270056
270120
270170
270198
270202
270233
270395
270397
270414
270484
270548
270558
270768
270858
270949
271072
271074
271134
271411
271426
271484
271668
271781
271851
271942
272051
272185
272371
272386
272486
272566
272647
272705
272809
272819
272887
273067
273131
273247
273256
273511
273581
273662
273843
274031
274335
274483
274524
274527
274623
274701
274718
274829
274859
274972
275106
275201
275234
275402
275411
275419
275573
275599
275609
275817
275832
275880
275888
275902
275921
276022
276357
276495
276506
276573
276652
276817
276926
276963
277031
277079
277213
277266
277323
277333
277384
277388
277636
277814
277862
278162
278187
278214
278372
278419
278653
278758
279014
279265
279293
279385
279606
279788
279890
280025
280026
280032
280042
280078
280090
280112
280178
280294
280558
280606
280642
280691
280697
281108
281246
281344
281371
281463
281544
281762
281763
281866
281990
282104
282125
282260
282328
282376
282377
282464
282517
282583
282625
282653
282726
282733
282875
283175
283244
283287
283514
283530
283535
283618
283792
283986
284030
284053
284128
284129
284208
284281
284516
284522
284551
284574
284803
284961
284970
284988
285039
285124
285178
285361
285394
285395
285416
285951
285959
286100
286282
286338
286427
286610
286688
286769
286888
286906
286991
287069
287236
287303
287614
287692
287733
287844
287957
288001
288066
288131
288174
288305
288469
288554
288833
288902
288938
288965
289014
289018
289070
289079
289081
289306
289342
289383
289463
289535
289634
289906
289932
290117
290142
290245
290343
290388
290492
290545
290594
290683
290685
290719
290771
290777
290947
291174
291214
291260
291266
291310
291483
291555
291816
291868
291917
292010
292020
292052
292078
292200
292318
292409
292552
292666
292814
292880
292949
292978
293183
293299
293318
293481
293619
293629
293643
293806
293842
293869
294025
294073
294361
294960
294985
295008
295054
295057
295073
295559
295580
295637
295715
295808
295820
295852
295968
296017
296030
296120
296157
296173
296179
296366
296448
296493
296577
296605
296791
296829
297095
297167
297189
297299
297467
297516
297624
297655
297831
297864
297873
297926
297993
298015
298016
298075
298184
298303
298405
298427
298468
298681
298893
299001
299011
299109
299202
299228
299267
299327
299476
299504
299549
300241
300248
300256
300498
300524
300540
300577
300889
300955
300963
301039
301069
301150
301318
301553
301588
301673
301877
301905
301940
302077
302080
302111
302121
302140
302195
302216
302227
302301
302383
302492
302527
302628
302669
302845
302950
302960
303007
303196
303323
303609
303694
303696
303868
304062
304136
304213
304215
304277
304294
304483
304492
304500
304577
304618
304651
304660
304681
304688
304754
304937
305103
305542
305679
305825
305839
305879
305915
306016
306134
306264
306425
306555
306584
306643
306662
306680
306709
306978
307096
307140
307161
307189
307240
307253
307259
307351
307367
307475
307592
307693
307837
307919
307928
307985
308079
308118
308174
308274
308354
308471
308797
308823
308957
309009
309056
309102
309169
309218
309448
309550
309918
310207
310292
310313
310340
310742
310877
311052
311082
311084
311196
311340
311355
311537
311818
311873
311879
311897
311916
311930
312005
312028
312231
312239
312310
312414
312534
312705
312750
312768
312866
312887
313093
313100
313106
313155
313293
313561
313673
313893
314113
314223
314231
314352
314405
314539
314569
314679
314735
314796
315088
315097
315112
315179
315194
315314
315537
315719
315755
315764
315883
315917
315934
316076
316161
316426
316478
316538
316648
316799
317011
317136
317145
317313
317317
317334
317746
317763
317787
317891
318146
318169
318170
318299
318308
318572
318649
318665
318743
318750
318766
318774
319235
319288
319328
319435
319439
319706
319856
320050
320229
320257
320352
320469
320556
320733
320772
320787
320993
321113
321115
321134
321220
321236
321359
321371
321458
321488
321896
321940
321979
322017
322471
322609
322694
322863
322926
323217
323220
323326
323457
323516
323596
323818
323875
323887
323905
324141
324486
324689
324774
324915
324945
324965
325076
325255
325358
325360
325368
325419
325502
325645
325812
325861
325891
325893
325899
325908
326086
326320
326468
326481
326679
326826
326911
327125
327178
327296
327408
327647
327653
327874
328140
328193
328247
328276
328356
328370
328528
328608
328992
329278
329335
329336
329340
329600
329738
329836
329875
330032
330058
330454
330481
330484
330513
330685
330701
330773
330873
330973
331013
331092
331296
331538
331598
331652
331657
331801
332016
332126
332172
332302
332336
332408
332553
332624
332633
332639
332705
332810
332899
332931
333053
333197
333593
333864
333995
334005
334055
334066
334132
334245
334309
334315
334375
334429
334490
334499
334580
334708
334756
335186
335191
335274
335669
335934
335968
335969
336150
336163
336251
336258
336323
336429
336430
336517
336618
336619
336708
336943
337038
337156
337223
337256
337274
337300
337385
337654
337989
338010
338047
338147
338157
338193
338401
338430
338473
338586
338609
338654
338673
338756
338807
338944
338965
339067
339117
339135
339165
339177
339218
339411
339495
339782
339863
339871
340069
340134
340138
340158
340270
340568
340569
340574
340634
340659
340698
340743
340758
340808
340868
340946
341024
341152
341286
341308
341333
341591
341598
341605
341735
341811
341847
341974
342336
342346
342483
342843
342918
342965
343064
343190
343192
343302
343360
343377
343438
343533
343565
343620
344027
344118
344126
344135
344197
344210
344219
344463
344484
344495
344598
344983
345490
345685
345722
345801
346001
346122
346161
346178
346180
346217
346247
346358
346375
346495
346772
346985
347159
347245
347302
347307
347319
347387
347625
347649
347714
347721
347975
348216
348559
348577
348595
348632
348655
348728
348762
348836
348839
348949
349003
349127
349142
349153
349200
349497
349538
349582
349652
349668
349735
349831
349840
349854
349879
349899
350062
350108
350170
350242
350304
350320
350420
350476
350558
350625
350743
350917
350965
350978
350987
351069
351264
351299
351318
351427
351432
351463
351622
351680
351764
351794
352122
352401
352519
352666
352867
353036
353107
353331
353444
353517
353683
353699
353785
354173
354335
354526
354552
354583
354614
354681
354687
354765
354808
354917
355019
355178
355231
355281
355582
355617
355674
355729
355747
355781
355807
355910
355918
355932
355983
356125
356175
356393
356406
356458
356503
356917
357045
357083
357146
357301
357376
357431
357484
357595
357674
357795
357867
357929
358098
358340
358423
358430
358451
358487
358547
358646
358821
358899
359056
359101
359126
359234
359303
359340
359461
359601
359687
359751
359770
359797
359900
360314
360542
360682
360688
360743
360801
360885
360914
361026
361118
361163
361304
361308
361310
361469
361661
361689
361719
361742
361811
361820
361949
361965
362067
362169
362291
362543
362570
362705
362760
362830
362877
363047
363098
363141
363155
363236
363362
363663
363872
363888
364029
364094
364098
364105
364107
364267
364277
364415
364417
364665
364764
364812
364821
364877
364908
365119
365149
365322
365924
365928
366135
366305
366898
367017
367183
367610
367882
367945
368089
368253
368329
368364
368406
368480
368539
368605
368700
368717
368770
368881
369125
369240
369350
369458
369619
369750
369932
370038
370065
370067
370188
370228
370307
370321
370323
370387
370394
370489
370549
370619
370914
371047
371085
371416
371428
371502
371584
371641
371687
371729
371744
371832
371896
372002
372046
372116
372177
372213
372218
372257
372259
372528
372529
372631
372731
372763
372780
372932
373049
373071
373183
373408
373497
373578
373646
373765
373827
373963
373976
374103
374211
374213
374427
374469
374478
374565
374633
374688
374749
374842
374892
374960
375016
375039
375402
375509
375584
375684
375793
375886
375901
375947
376003
376051
376069
376119
376169
376241
376248
376642
376669
376686
376846
376977
377012
377136
377189
377300
377324
377341
377404
377436
377464
377502
377546
377718
377746
378009
378022
378101
378184
378256
378405
378666
378725
378895
379105
379139
379170
379184
379248
379317
379336
379428
379459
379474
379600
379707
379820
379869
380013
380237
380248
380279
380630
380651
380672
380681
380741
380796
380932
380981
381161
381209
381260
381268
381303
381331
381334
381343
381347
381436
381493
381628
381717
381828
381985
382004
382342
382352
382434
382520
382755
382780
382847
382918
382921
383144
383246
383362
383653
383665
383810
383823
384028
384213
384312
384494
384525
384543
384725
384937
384944
384989
385035
385057
385149
385377
385395
385602
385646
385704
385760
385906
385932
385990
386091
386097
386196
386229
386235
386351
386530
386554
386575
386611
386687
386718
386749
386869
387152
387263
387277
387311
387438
387461
387483
387776
387991
388053
388056
388093
388299
388441
388497
388530
388764
388807
389087
389234
389385
389405
389615
389622
389633
389673
389876
389939
389971
389999
390047
390075
390219
390236
390256
390338
390339
390348
390365
390537
390541
390545
390813
390832
390932
391080
391124
391199
391348
391541
391576
391591
391629
391756
391759
391786
391851
391880
392138
392287
392315
392343
392362
392407
392443
392550
392618
392654
392717
393135
393140
393271
393294
393333
393371
393458
393480
393485
393487
393504
393580
393625
394026
394113
394170
394180
394245
394446
394465
394589
394674
394681
394712
394882
394950
394974
395104
395235
395485
395507
395594
395758
395767
395848
395951
396052
396055
396105
396197
396272
396490
396514
396568
396596
396612
396680
396781
396826
396835
396861
397126
397137
397217
397272
397273
397303
397522
397650
397741
397743
397801
397826
397853
397909
398041
398516
398650
398666
398703
398717
398719
399021
399146
399260
399351
399398
399456
399486
399581
399594
399604
399904
399914
399971
400113
400286
400327
400367
400371
400379
400455
400473
400821
401020
401050
401086
401120
401161
401310
401372
401680
401727
401785
401962
402073
402074
402306
402422
402469
402634
402954
403137
403146
403220
403227
403230
403386
403403
403550
403612
403764
403903
404013
404034
404035
404156
404313
404387
404617
404745
404774
404892
405175
405272
405486
405546
405590
405646
405819
405823
405970
406004
406072
406089
406151
406288
406479
406516
406726
406969
406973
407033
407040
407086
407168
407186
407212
407223
407238
407423
407517
407648
407768
407829
408051
408097
408141
408163
408422
408594
408728
408760
408952
409265
409395
409510
409637
409765
409845
409924
410034
410074
410085
410107
410163
410215
410255
410325
410571
410624
410720
410741
410837
410857
410901
410902
410959
410987
411164
411167
411183
411219
411241
411654
411667
411677
411724
411844
412051
412279
412327
412344
412654
412755
413100
413136
413263
413313
413542
413569
413714
413915
414212
414417
414471
414597
414724
414886
414999
415001
415055
415193
415211
415522
415644
415737
416158
416164
416175
416547
416690
416794
416854
416959
417186
417262
417292
417381
417425
417656
417715
417768
417775
417783
417797
418042
418043
418115
418269
418280
418353
418386
418425
418445
418585
418640
419018
419020
419126
419407
419593
419640
419651
419699
419714
419793
419875
419938
420033
420049
420108
420180
420285
420289
420483
420508
420567
420737
420746
420888
420979
421047
421132
421258
421274
421386
421438
421468
421486
421568
421640
421661
421663
421678
421721
421805
421814
421853
421889
421933
422020
422107
422153
422176
422260
422332
422451
422670
422674
422857
422893
423056
423058
423190
423253
423342
423390
423424
423506
423584
423748
423953
424003
424021
424110
424169
424206
424216
424219
424267
424294
424893
424912
425505
425515
425542
425660
425683
425720
425806
425844
425908
426000
426391
426499
426551
426783
427042
427104
427373
427529
427666
427840
428256
428620
428706
428791
428940
428995
429111
429130
429207
429274
429286
429320
429417
429570
429614
429778
429803
429827
429897
430018
430150
430265
430290
430327
430333
430531
431045
431284
431461
431774
431914
432057
432098
432145
432210
432390
432479
432590
432681
432788
432914
433032
433078
433083
433136
433215
433315
433370
433434
433438
433549
433604
433657
433731
433757
433771
433888
433964
434097
434471
434506
434542
434579
434581
434593
434904
434961
435241
435402
435492
435571
435666
435781
435795
435807
435947
436132
436143
436223
436448
436564
436723
436727
436733
436790
436808
436872
436921
437127
437350
437421
437436
437437
437466
437558
437653
437668
437792
437869
437998
438063
438217
438224
438383
438388
438490
438627
438639
438695
438776
438983
439036
439551
439616
439628
439748
439826
439867
439890
440045
440058
440065
440111
440220
440221
440397
440426
440556
440626
440701
440825
440962
441006
441064
441095
441097
441148
441296
441310
441406
441427
441576
441717
441802
441805
442118
442169
442188
442255
442349
442361
442373
442488
442668
442685
442787
442905
442979
443033
443270
443350
443636
443766
443796
443803
443826
444005
444072
444104
444124
444447
444513
444574
444651
444684
444764
444788
444824
444904
445239
445360
445475
445483
445504
445526
445665
445781
445837
445887
445931
446043
446279
446509
446849
446850
446896
446957
446974
447014
447147
447227
447263
447419
447457
447484
447505
447577
447885
448025
448099
448235
448254
448417
448554
448555
448652
448811
448854
449020
449054
449063
449150
449250
449514
449698
449760
449775
449846
450004
450036
450082
450157
450265
450818
451022
451087
451143
451149
451168
451229
451274
451442
451485
451490
451515
451603
451743
451757
451759
451894
452248
452250
452308
452310
452517
452615
452620
452835
452836
452844
452914
452939
452954
453031
453096
453181
453182
453185
453210
453262
453394
453442
453449
453481
453490
453494
453598
453670
453780
453819
453842
453860
454104
454279
454280
454343
454366
454440
454747
454799
454820
454851
454857
455053
455177
455307
455314
455412
455661
455681
455741
455832
455982
456058
456141
456232
456392
456429
456441
456520
456557
456631
456680
456995
457014
457063
457088
457124
457130
457228
457321
457644
457806
457840
457942
458016
458190
458234
458262
458312
458396
458403
458694
458722
458752
458964
459111
459118
459283
459396
459509
459591
459629
459733
459778
459955
460038
460231
460325
460601
460645
460720
460781
460786
460931
461038
461278
461360
461473
461516
461617
461717
461799
461892
461903
461910
462022
462101
462201
462312
462347
462414
462452
462576
462622
462669
463070
463311
463427
463459
463480
463535
463683
463739
463882
463912
463963
464244
464262
464347
464375
464448
464498
464907
465091
465140
465189
465407
465593
465632
465750
465804
465868
465968
465974
466051
466248
466278
466333
466380
466386
466395
466423
466618
466678
466759
466777
466896
467207
467255
467371
467444
467636
467733
467946
467988
468063
468200
468217
468264
468291
468488
468533
468655
468847
468936
469135
469153
469212
469328
469456
469616
469641
469770
469791
469802
469870
469905
470003
470187
470261
470440
470570
470625
470725
470749
470760
470771
470837
470902
471055
471203
471206
471245
471268
471371
471410
471520
471655
471874
471885
472017
472026
472055
472199
472367
472406
472783
472860
472903
473081
473188
473268
473304
473324
473475
473499
473564
473586
473647
473746
473783
473869
473907
474146
474373
474460
474529
474858
475245
475262
475482
475565
475585
475590
475651
475699
475745
475751
475785
475942
475962
475996
476078
476236
476308
476324
476380
476440
476523
476585
476707
476714
476884
476929
477045
477351
477468
477566
477730
477775
477795
477797
477836
477869
477997
478055
478087
478138
478293
478296
478325
478416
478424
478447
478496
478502
478541
478552
478562
478632
478672
478720
478901
478946
479078
479308
479440
479729
479814
479877
479899
480201
480224
480326
480347
480405
480475
480486
480494
480516
480539
480583
480631
480677
480733
480863
481193
481318
481339
481460
481574
481584
481622
481627
481692
481779
481908
482012
482015
482286
482396
482551
482561
482566
482675
482764
483116
483233
483239
483287
483390
483434
483530
483774
483997
483998
484175
484252
484308
484526
484654
484829
484917
485029
485075
485436
485553
485568
485600
485773
485953
485979
486120
486185
486317
486335
486603
486785
486832
486869
486888
487226
487285
487325
487385
487630
487971
488301
488448
488506
488514
488543
488602
488711
488741
488783
488944
488988
489066
489116
489180
489422
489668
489687
489805
489960
489999
490007
490303
490326
490398
490506
490587
490667
490778
490917
490937
491064
491230
491277
491409
491422
491626
491802
491838
491886
492043
492168
492213
492259
492267
492474
492657
492745
492747
492774
492786
492878
492926
492952
493128
493493
493507
493743
493745
494094
494126
494260
494429
494506
494701
494823
494913
494932
494948
494992
495065
495088
495148
495184
495551
495603
495713
495734
495760
495774
495795
495858
496040
496082
496089
496398
496420
496681
496821
496853
496964
497050
497077
497531
497700
497729
497793
497821
497846
497924
498028
498048
498135
498261
498294
498534
498567
498600
498818
498913
498920
499011
499038
499131
499167
499276
499297
499408
499418
499460
499492
499517
499523
499722
499809
499992
499993
500411
500524
500741
500820
500864
500904
501011
501399
501403
501664
501687
501702
501720
501726
501752
501774
501859
501871
501884
501956
502015
502048
502070
502375
502401
502450
502470
502491
502577
502585
502593
502603
502656
502960
503021
503064
503086
503423
503516
503651
503722
503895
504108
504145
504263
504270
504543
504692
504766
504816
505001
505051
505315
505571
505650
505855
505874
505950
506158
506258
506408
506445
506470
506572
506696
507423
507434
507469
507553
507633
507696
507709
507758
507779
507812
508080
508164
508546
508554
508698
509009
509063
509086
509181
509262
509429
509456
509465
509598
509761
509832
509934
510033
510140
510191
510453
510509
510634
510649
510860
510913
511004
511025
511141
511154
511186
511375
511523
511574
511652
511711
511731
511924
511931
511969
512016
512093
512167
512269
512412
512426
512435
512580
512622
512663
512669
512794
512799
512852
513027
513057
513072
513116
513193
513286
513419
513901
514046
514432
514609
514759
514813
515066
515144
515148
515182
515194
515273
515305
515387
515416
515509
515520
515642
515712
515746
515939
516382
516431
516482
516531
516622
516637
516659
516705
516761
516881
517169
517179
517234
517275
517840
517924
518085
518215
518404
518478
518626
518725
518770
518954
519079
519208
519351
519445
519999
520020
520225
520302
520319
520370
520434
520465
521037
521224
521372
521390
521639
521712
521833
522006
522144
522250
522417
522445
522598
522666
522718
522766
522792
522805
522815
522844
523097
523101
523123
523154
523285
523298
523432
523497
523509
523692
523779
523983
524171
524207
524209
524290
524370
524413
524421
524457
524654
524682
524764
524773
524880
524885
525003
525028
525189
525232
525265
525446
525448
525498
525579
525670
525712
525804
525844
525906
525987
526091
526101
526237
526498
526538
526610
526793
526863
526905
526993
527006
527054
527077
527234
527261
527332
527437
527504
527612
527715
527819
528227
528262
528285
528381
528383
528906
529042
529049
529116
529261
529287
529293
529338
529390
529464
529569
529898
529965
529997
530031
530056
530120
530376
530496
530544
530553
530560
530645
530710
530850
530942
531012
531021
531085
531177
531437
531505
531710
531765
531819
531917
532112
532117
532273
532388
532455
532645
532706
532760
532880
532949
532989
533147
533328
533490
533734
533740
533794
533840
533933
533962
534175
534266
534277
534299
534329
534410
534459
534550
534731
534775
534825
535239
535242
535514
535579
535643
535938
535963
536183
536247
536368
536369
536385
536622
536749
536750
536788
536798
536803
536919
537014
537110
537130
537205
537412
537479
537550
537728
537825
537878
537946
538166
538276
538320
538338
538380
538456
538721
538828
538845
538922
538996
539064
539125
539302
539370
539546
539570
539607
539625
539682
539708
539728
539800
539894
539928
540156
540464
540478
540675
540684
540685
540713
540815
540816
540841
540901
540955
541275
541322
541400
541411
541548
541571
541635
541805
541826
541844
541931
542092
542142
542236
542455
542552
542612
542649
542676
542711
542795
542855
543074
543167
543202
543246
543287
543357
543603
543671
543751
543765
543778
543821
543824
543856
543887
543897
543967
544004
544310
544355
544362
544419
544719
544736
544817
544860
544900
544940
545040
545070
545121
545231
545303
545371
545623
545736
546493
546635
547057
547214
547240
547243
547321
547463
547515
547524
547560
547706
547717
547788
547940
548009
548083
548201
548310
548363
548455
548599
548864
549047
549066
549142
549174
549198
549267
549389
549528
549542
549617
549625
549702
549727
549736
549815
549868
549996
550171
550287
550348
550405
550412
550559
550690
550749
550795
550935
550954
551170
551325
551349
551364
551371
551412
551449
551635
551653
551878
551911
551936
551959
552013
552157
552279
552307
552339
552426
552541
552667
553032
553034
553112
553116
553273
553302
553321
553413
553452
553625
553682
553836
553861
553936
553953
554050
554158
554161
554368
554454
554516
554527
554805
554848
554926
554964
555127
555198
555567
555735
555881
555916
556034
556098
556125
556188
556354
556516
556550
556560
556813
556835
556859
557244
557261
557286
557515
557718
557790
557946
558115
558146
558219
558300
558311
558324
558360
558396
558469
558492
558496
558543
558759
558890
558922
559110
559263
559376
559409
559412
559421
559690
559702
559789
559809
559875
559953
560015
560197
560256
560369
560391
560474
560507
560560
560636
560674
560739
561122
561240
561349
561380
561481
561621
561815
561984
561997
562338
562469
562470
562485
562571
562622
562785
563236
563388
563920
564010
564038
564068
564116
564260
564273
564324
564341
564390
564419
564896
565033
565148
565211
565225
565336
565458
565492
565720
566007
566079
566224
566229
566413
566570
566602
566607
566637
566878
566907
566990
567065
567093
567136
567170
567352
567372
567440
567445
567454
567690
567879
568040
568101
568119
568161
568188
568205
568375
568439
568657
568697
568749
568951
568953
568988
569038
569140
569187
569255
569449
569537
569746
569751
569766
569769
569787
569876
569967
569999
570049
570104
570302
570340
570341
570378
570440
570590
570761
570849
571122
571228
571379
571480
571495
571779
571902
571914
571975
571985
572187
572324
572328
572516
572611
572804
572850
572939
572978
573004
573205
573478
573652
573718
573869
573942
573982
574103
574189
574201
574351
574381
574455
574599
574661
574667
574731
574787
575026
575051
575100
575154
575206
575217
575253
575340
575354
575453
575712
575837
575898
576211
576253
576423
576435
576481
576516
576606
576613
576618
576672
576745
576783
576879
576904
576941
576999
577114
577141
577206
577265
577299
577309
577369
577370
577372
577564
577696
577701
577985
578137
578195
578223
578227
578292
578350
578417
578610
578714
579418
579449
579471
579496
579868
579925
580054
580138
580279
580360
580430
580432
580546
580625
580656
580665
580718
580891
580965
580987
581020
581040
581260
581458
581554
581654
581769
581917
581943
581953
582165
582191
582258
582275
582324
582423
582425
582459
582559
582687
582874
582978
582997
583125
583161
583164
583191
583200
583209
583264
583373
583424
583441
583623
583915
584093
584298
584357
584438
584529
584580
584728
585033
585202
585255
585364
585400
585408
585731
585842
586314
586389
586411
586679
586695
586800
587026
587033
587309
587348
587397
587448
587776
587842
587881
587919
588008
588218
588338
588432
588435
588472
588508
588517
588603
588641
589048
589248
589269
589446
589604
589607
589710
589909
589932
590090
590142
590165
590227
590257
590261
590383
590387
590396
590501
590643
590738
590929
590978
590994
591004
591018
591044
591287
591312
591372
591558
591764
591829
591884
591961
592138
592265
592266
592321
592397
592429
592484
592629
592815
592816
592904
592908
593140
593260
593279
593280
593304
593389
593422
593498
593616
593733
593743
593857
594144
594288
594348
594358
594436
594639
594817
595082
595156
595239
595369
595516
595681
595712
595720
595752
595755
595907
596077
596196
596384
596430
596581
596636
596711
596901
596974
596999
597268
597289
597389
597408
597420
597576
597686
597727
597810
597936
598053
598129
598134
598165
598279
598303
598333
598340
598376
598546
598585
598591
598690
598759
598952
598964
599015
599228
599482
599785
599798
599883
599902
600053
600073
600167
600334
600338
600400
600474
600581
600675
600690
601004
601006
601016
601284
601322
601613
601620
601835
602295
602372
602417
602496
602554
602648
602682
602871
602884
602936
602944
602946
602990
603224
603349
603472
603524
603567
603624
603714
603863
604262
604367
604599
604630
604777
604941
604982
605139
605347
605389
605397
605667
605794
605812
606083
606172
606352
606362
606375
606448
606868
607144
607156
607195
607203
607208
607544
607645
607741
607758
608061
608101
608112
608171
608201
608332
608640
608667
609331
609378
609400
609424
609488
609598
609901
609912
609951
610132
610199
610269
610335
610389
610431
610686
610691
610708
610710
610733
610744
610775
610782
611133
611182
611304
611339
611432
611543
611580
611705
611817
611902
611914
611917
611930
611977
611988
612098
612154
612238
612317
612374
612453
612536
612612
612666
612827
612862
612981
613024
613065
613496
613630
613679
613733
613758
613899
613918
614066
614097
614227
614294
614397
614672
614691
614749
614796
615044
615075
615106
615117
615177
615178
615388
615389
615432
615675
615853
615961
616062
616214
616305
616403
616416
616618
616656
616680
616692
616715
616945
617054
617233
617258
617310
617333
617373
617441
617550
617599
617876
617977
618109
618203
618205
618236
618265
618284
618430
618497
618685
618731
618869
619012
619109
619349
619482
619638
619804
620245
620258
620308
620310
620320
620487
620505
620706
620935
621355
621892
622160
622242
622576
622742
622780
622831
622846
622856
622861
622881
622941
622952
622989
623176
623275
623360
623442
623494
623628
623639
623679
623721
624049
624169
624223
624416
624637
624669
624723
624771
624777
624798
624944
625011
625039
625056
625257
625379
625386
625391
625559
625679
625921
626129
626512
626867
626946
627158
627190
627222
627322
627348
627531
627646
627726
627791
627999
628142
628169
628255
628286
628531
628657
628762
628897
628916
628937
628996
629260
629287
629316
629433
629607
629712
629806
629953
630080
630118
630172
630218
630224
630280
630451
630534
630689
630845
630912
630956
630988
631022
631196
631268
631313
631324
631372
631374
631467
631493
631540
631573
631685
631708
631845
631942
632234
632461
632472
632578
632679
632684
632818
632991
633018
633031
633166
633375
633420
633500
633541
633624
633748
633864
633918
633952
633988
634001
634020
634083
634203
634275
634295
634501
634553
634592
634710
634824
634831
634920
634964
635335
635336
635394
635490
635506
635699
635801
635909
635997
636343
636420
636492
636688
636734
636802
636844
636901
637076
637157
637273
637305
637434
637452
637471
637481
637487
637825
637948
637981
638031
638113
638287
638346
638374
638381
638401
638571
638585
638598
638613
638699
638735
638960
638970
639056
639068
639102
639134
639208
639343
639369
639413
639465
639518
639564
639659
639715
639794
639802
639941
640044
640107
640234
640313
640333
640396
640456
640464
640482
640796
640936
640939
641118
641162
641261
641402
641542
641550
641670
641696
641700
641704
641836
641882
641894
641975
642115
642250
642343
642524
642827
642876
643206
643249
643352
643484
643637
643717
643807
643868
643870
644029
644380
644474
644551
644552
644766
645022
645282
645384
645459
645532
645614
645771
645772
645843
645881
645936
645938
646029
646081
646197
646274
646329
646347
646360
646865
647253
647367
647455
647462
647544
647562
647588
647966
647971
648127
648325
648823
648874
649020
649154
649262
649395
649549
649555
649585
649697
649817
649876
649880
649987
650008
650113
650121
650145
650295
650386
650449
650602
650690
650787
650960
651005
651021
651079
651102
651175
651223
651317
651326
651455
651530
651725
651862
651931
651943
651976
652040
652098
652122
652140
652232
652350
652400
652572
652617
652676
653079
653125
653131
653218
653330
653568
653582
653813
653862
653877
653978
654385
654497
654511
654732
654882
654883
654960
655000
655473
655719
655748
655809
655990
656238
656340
656386
656392
656404
656469
656480
656498
656833
656862
656880
656925
657070
657166
657278
657324
657367
657388
657407
657433
657447
657449
657456
657549
657581
657654
657659
657698
657737
657837
657927
657930
657985
658012
658027
658029
658031
658039
658151
658213
658218
658348
658356
658419
658444
658880
658930
659134
659565
659606
659607
659614
659802
659859
660185
660285
660299
660308
660313
660321
660442
660470
660578
660783
660930
660939
660950
661022
661054
661086
661278
661436
661488
661512
661563
661584
661639
661670
661781
661789
661811
661812
661964
662030
662068
662187
662262
662265
662318
662447
662463
662471
662532
662546
663005
663130
663210
663286
663638
663658
663882
664011
664195
664230
664392
664443
664482
664518
664651
664845
664924
665073
665131
665199
665274
665434
665514
665540
665587
665684
665713
665720
665860
666198
666318
666390
666542
666622
666791
666809
666964
667105
667163
667213
667240
667249
667303
667363
667467
667586
667694
667900
667971
668035
668088
668145
668266
668652
668658
668903
669030
669233
669329
669595
669654
669689
669695
669720
669837
670110
670182
670189
670211
670382
670393
670468
670523
670583
670633
670702
670754
670934
670958
670989
671093
671233
671492
671528
671611
671694
671793
671802
671984
672244
672257
672275
672457
672464
672650
672828
672832
672943
672954
673034
673188
673206
673219
673261
673321
673409
673477
673729
674081
674090
674175
674261
674281
674298
674403
674407
674437
674469
674527
674632
674707
674871
674880
674996
675007
675073
675199
675347
675493
675574
675682
675691
675708
675715
675730
675797
675800
675867
675984
676232
676255
676308
676470
676483
676559
676560
676677
676939
677063
677073
677109
677445
677560
677600
677828
677857
677863
677995
678299
678402
678432
678545
678844
678899
679019
679230
679256
679292
679325
679375
679406
679439
679445
679638
679686
679694
679887
679941
680000
680085
680266
680283
680325
680689
680721
680724
680777
680782
680870
680899
680912
680975
681016
681049
681319
681321
681337
681377
681400
681443
681508
681756
681893
681958
681989
682110
682126
682134
682400
682633
682761
682817
682838
682860
682876
682894
683022
683111
683189
683243
683278
683387
683637
683691
683709
683809
683851
684032
684121
684209
684262
684463
684465
684827
684869
684875
684885
684976
685037
685144
685165
685266
685275
685293
685324
685337
685393
685442
685475
685557
685593
685645
685695
685712
685787
685791
685868
685881
685903
685933
685968
686151
686372
686385
686428
686444
686501
686674
686703
686766
686779
686865
686908
687001
687037
687066
687161
687346
687348
687372
687458
687518
687555
687580
687696
687748
687817
688040
688084
688086
688169
688392
688394
688666
688769
688772
688882
688931
689025
689042
689069
689168
689583
689611
689677
689918
689990
690115
690192
690214
690447
690501
690565
690664
690721
690961
691054
691110
691373
691474
691523
691582
691586
691627
691789
691911
692174
692279
692332
692558
692817
692942
693130
693307
693514
693595
693682
693766
693851
694104
694212
694227
694232
694296
694314
694639
694995
695003
695057
695126
695146
695272
695436
695551
695566
695867
695891
696015
696093
696211
696247
696356
696388
696404
696451
696749
696765
696785
696799
696915
696991
697075
697078
697089
697149
697224
697257
697345
697355
697480
697499
697528
697587
697598
697714
697724
697822
697995
698232
698259
698279
698397
698425
698465
698488
698492
698750
698763
698767
698789
698929
699483
699668
699679
699719
699933
700000
700124
700128
700222
700251
700264
700294
700338
700369
700409
700460
700507
700580
700613
700644
700678
700723
700724
700730
700876
700970
700980
701042
701144
701266
701741
701808
701852
702104
702395
702685
702716
702836
703124
703170
703173
703486
703611
703754
703815
703833
704049
704061
704064
704477
704516
704521
704648
704847
704992
705049
705093
705270
705277
705595
705942
706051
706264
706282
706475
706533
706625
706634
706669
706700
706761
706940
707007
707138
707163
707291
707457
707458
707611
707809
708055
708190
708284
708414
708490
708525
708574
708622
708718
708799
708813
708819
708848
708908
708938
709055
709161
709210
709294
709327
709381
709446
709473
709745
709792
709899
709961
710068
710538
710631
710632
710790
710911
711071
711097
711100
711145
711263
711417
711665
711756
711768
711950
712093
712112
712321
712323
712342
712401
712504
712682
712686
712755
712959
713122
713123
713367
713559
713874
713980
714035
714100
714153
714274
714322
714483
714514
714595
714600
714696
715009
715141
715218
715255
715396
715430
715689
715695
715740
715816
715988
715994
716044
716144
716150
716282
716343
716409
716510
716517
716519
716726
716728
716813
716825
716919
717112
717251
717300
717558
717599
717601
717840
717983
718099
718376
718432
718440
718529
718584
718645
718698
718731
718740
718751
718947
719006
719009
719031
719106
719112
719127
719186
719269
719321
719400
719419
719466
719559
719680
719698
719738
719773
719838
720039
720089
720113
720124
720242
720247
720590
720608
720911
721114
721290
721312
721316
721596
721686
721863
721976
721997
722043
722169
722261
722500
722527
722530
722551
722566
722741
722882
722923
722928
723018
723067
723242
723354
723579
723779
723808
723811
723984
723990
724034
724098
724150
724226
724715
724745
724803
724817
724831
724872
724958
725094
725122
725179
725329
725417
725485
725494
725662
725937
726106
726116
726190
726414
726426
726432
726676
726690
726699
726846
726905
727021
727048
727087
727126
727138
727139
727190
727336
727550
727628
727783
727787
727795
728007
728215
728276
728521
728578
728609
728649
728663
728738
728825
728949
728988
729224
729440
729471
729495
729758
729856
729878
729901
729918
729921
730042
730066
730094
730167
730201
730509
730552
730565
730604
730814
730898
730909
731027
731090
731127
731138
731233
731311
731325
731357
731394
731411
731702
731762
731808
731905
731927
732303
732312
732319
732320
732440
732508
732695
732748
733124
733215
733302
733320
733413
733434
733453
733526
733544
733562
733734
733793
733814
733901
733916
733978
734321
734327
734501
734519
734618
734660
734909
735001
735125
735541
735818
735851
735862
735945
736124
736170
736309
736312
736810
736819
736956
737019
737097
737133
737213
737291
737720
737733
737856
737972
738002
738223
738313
738539
738618
738639
738663
738802
738851
738864
738951
739007
739081
739168
739186
739281
739344
739552
739612
739659
739796
739831
739855
740088
740159
740223
740455
740725
740795
740809
740926
740963
741025
741089
741091
741348
741674
741708
741726
741739
741773
742061
742142
742196
742249
742397
742402
742485
742500
742731
742753
742828
742839
742906
743030
743138
743174
743182
743197
743405
743526
743555
743710
743936
743955
744005
744113
744131
744150
744262
744294
744451
744518
744555
744810
744829
745027
745099
745199
745609
745773
745969
746005
746190
746202
746205
746208
746258
746353
746355
746420
746613
746708
746752
746845
747034
747134
747358
747769
747792
748125
748137
748197
748530
748542
748638
748769
748781
748782
748796
748857
748886
748965
748993
749009
749093
749111
749154
749252
749378
749408
749456
749520
749806
749835
749884
749893
749912
749994
750090
750108
750298
750959
751021
751104
751140
751188
751241
751422
751459
751519
751555
751580
751600
751639
751761
752123
752154
752220
752310
752346
752389
752396
752542
752586
752673
752999
753395
753519
753564
753614
753796
753820
753824
754002
754070
754222
754331
754340
754352
754712
754723
754813
754897
754939
754980
755324
755576
755691
755755
755792
755812
755968
756417
756440
756551
756631
756660
756824
756842
756943
756971
757001
757018
757035
757150
757184
757216
757328
757387
757402
757502
757643
757733
757898
757934
757978
758059
758185
758201
758234
758497
758507
758510
758650
758769
758825
758865
758868
758932
758987
759174
759179
759205
759287
759336
759469
759655
759830
759898
759971
759986
760066
760174
760244
760255
760383
760605
760745
760767
760808
760825
760941
760963
761171
761242
761376
761377
761400
761520
761554
761605
761642
761788
761791
761920
761935
762146
762217
762463
762465
762565
762566
762639
762676
762679
762714
762762
762809
763112
763140
763236
763269
763289
763311
763378
763393
763397
763435
763450
763574
763625
763634
763652
763680
763688
763762
763951
764218
764251
764275
764460
764598
764668
764693
764727
764798
764924
764927
764961
765044
765301
765377
765380
765386
765387
765520
765530
765709
765812
765879
766051
766237
766259
766391
766421
766425
766528
766573
766613
766644
766712
766727
766773
766894
766926
766941
767035
767132
767259
767306
767331
767376
767450
767481
767529
767530
767621
767689
767779
767786
767854
767901
768020
768112
768542
768544
768668
769030
769049
769139
769149
769485
769540
769549
769577
769706
769860
769975
770110
770128
770153
770191
770212
770317
770560
770801
770953
770959
771194
771345
771583
771748
771986
772010
772038
772116
772148
772469
772483
772899
772912
772943
773108
773218
773323
773347
773348
773641
773643
773881
773888
774014
774058
774070
774190
774206
774233
774240
774312
774416
774434
774463
774480
774651
774741
774995
775238
775280
775355
775423
775635
775683
775697
775735
775843
775940
776025
776041
776085
776206
776209
776257
776275
776276
776585
776675
776766
776782
776864
776876
776951
776991
777117
777162
777202
777383
777422
777450
777467
777566
777612
777616
777811
777900
778086
778288
778394
778452
778483
778650
778922
778935
778980
779044
779069
779139
779248
779299
779423
779467
779487
779713
779796
780050
780128
780276
780282
780291
780335
780351
780361
780366
780382
780402
780500
780858
780940
780950
781005
781053
781055
781150
781568
781724
781741
781794
781832
781945
782039
782065
782242
782252
782324
782326
782351
782412
782429
782470
782478
782599
783113
783157
783186
783274
783309
783412
783515
783664
783692
783703
783784
783864
784056
784081
784084
784206
784303
784401
784592
784754
784768
785080
785160
785337
785371
785754
785834
785988
786039
786225
786268
786391
786419
786534
786542
786730
786795
786800
786888
787013
787307
787483
787506
787509
787543
787601
788090
788528
788553
788559
788968
788981
788995
789002
789126
789142
789180
789252
789293
789573
789609
789645
789755
789765
789792
789895
789945
789974
790062
790102
790205
790218
790241
790311
790355
790357
790370
790393
790543
790588
790631
790724
790790
791033
791095
791168
791234
791578
791579
791596
791866
791918
792067
792121
792154
792278
792507
792624
792760
792765
792881
792976
793035
793104
793269
793419
793442
793475
793476
793566
793632
793637
793848
793869
794145
794190
794452
794627
794726
794765
794805
794822
795115
795627
795642
796329
796368
796438
796512
796613
796772
796786
796918
796937
797092
797117
797270
797290
797309
797346
797481
797491
797540
797698
797770
797911
798055
798070
798159
798196
798324
798335
798463
798499
798539
798598
798914
798945
798953
798959
798974
799070
799249
799282
799527
799645
799649
799662
799708
799766
799908
800001
800053
800192
800341
800474
800505
800526
800530
800580
800679
800699
801058
801104
801115
801270
801376
801399
801539
801569
801815
801877
801900
801966
801971
802039
802064
802179
802472
802571
802627
802747
802755
802799
802806
803003
803035
803144
803333
803624
803641
803830
803863
803948
804017
804036
804038
804210
804211
804227
804558
805034
805249
805308
805310
805389
805404
805554
805626
805643
805697
805698
805758
805947
806012
806046
806202
806240
806580
806903
807013
807151
807175
807209
807320
807516
807647
807798
807847
807848
807863
807886
808142
808226
808448
808472
808539
808674
808862
808869
808930
808955
809212
809617
809729
809880
809977
810106
810113
810167
810596
810649
810716
810808
810814
810889
810912
810935
811023
811064
811263
811375
811489
811493
811537
811660
811681
811922
811991
811993
812073
812130
812145
812197
812200
812258
812882
812997
813025
813026
813115
813124
813165
813187
813314
813328
813384
813396
813522
813578
813618
813819
813820
813846
813944
814426
814437
814489
814578
814636
814662
814793
815202
815541
815547
815575
815594
815701
815832
815841
815921
815968
816014
816218
816288
816323
816391
816578
816580
817129
817160
817174
817180
817358
817395
817476
817575
817646
817700
817752
817801
818084
818441
818546
818567
818592
818638
818710
818727
818834
818888
819064
819138
819271
819326
819593
819613
819801
819962
820068
820116
820148
820296
820428
820454
820661
820701
820718
820822
820838
821038
821149
821413
821491
821645
821656
821818
821906
822245
822341
822395
822571
822597
822931
823100
823209
823262
823278
823290
823531
823568
823807
823997
824038
824042
824053
824206
824315
824349
824424
824469
824495
824640
824768
824803
824975
825019
825038
825083
825376
825730
825771
825940
825971
826121
826178
826464
826564
826659
826728
826817
826865
827022
827267
827284
827409
827502
827565
827604
827639
827690
827882
828285
828286
828633
828667
828702
828711
828762
828885
829023
829108
829315
829346
829452
829487
829489
829498
829534
829766
829793
829992
830039
830041
830169
830212
830241
830339
830430
830437
830607
830691
830851
830874
830894
831274
831395
831505
831507
831536
831795
831902
831904
832036
832317
832413
832422
832470
832570
832572
832734
832912
833007
833204
833362
833372
833432
833547
833581
833883
834007
834014
834075
834110
834138
834206
834209
834403
834500
834505
834542
834547
834656
834742
834914
834945
834956
834979
835018
835120
835155
835259
835363
835507
835549
835628
835849
835991
836112
836494
836520
836710
836722
837004
837045
837232
837582
837607
837715
837749
837824
837831
837966
838028
838360
838567
838799
838869
838896
838902
838948
839023
839049
839050
839251
839266
839307
839333
839542
839740
839745
839847
840061
840171
840212
840214
840282
840391
840405
840422
840490
840520
840564
840654
840766
840868
840974
841002
841065
841145
841176
841532
841537
841561
841607
841668
841672
841783
841806
841838
841982
841985
842180
842213
842267
842413
842452
842651
843036
843138
843260
843285
843302
843382
843572
843581
843664
843711
843989
844014
844178
844321
844363
844397
844400
844414
844453
844579
844662
844829
844979
845009
845372
845437
845493
845518
845562
845618
845652
845715
845733
845961
846012
846120
846206
846216
846291
846426
846733
846772
846979
847001
847140
847151
847202
847306
847308
847445
847512
847615
847682
847702
847835
847856
847947
848016
848019
848090
848112
848269
848465
848583
848623
848629
848896
848905
848948
849001
849222
849225
849340
849440
849608
849635
849706
849713
849865
849890
849938
850268
850460
850597
850708
851235
851301
851319
851487
851531
851832
851882
851935
852028
852094
852097
852173
852349
852377
852394
852477
852548
852983
852995
853046
853101
853204
853207
853263
853266
853515
853796
853957
854163
854581
854677
854893
854954
855007
855178
855355
855365
855534
855708
855759
855812
855877
855909
855929
856082
856105
856243
856278
856335
856420
856618
856684
856704
857136
857207
857279
857422
857467
857482
857502
857668
857765
857918
858116
858136
858544
858577
858638
858714
858826
858861
858879
858965
859036
859041
859083
859089
859138
859147
859293
859352
859453
859549
859632
859817
859968
860204
860248
860281
860528
860590
860706
860714
860860
860876
861055
861076
861126
861387
861424
861570
861620
861772
861872
861886
861922
861931
861986
861996
862008
862144
862269
862375
862586
862749
862764
862794
862799
862866
863191
863202
863304
863411
863471
863542
863571
863758
863806
863995
864072
864189
864309
864381
864394
864571
864647
864715
864777
864848
865163
865256
865311
865355
865410
865515
865624
865710
865821
865865
865931
866005
866048
866076
866315
866707
866789
866839
866910
867085
867143
867151
867280
867591
867755
867795
867918
867934
867949
867987
868093
868146
868178
868193
868476
868508
868546
868551
868651
868754
868768
868802
868938
868973
868996
869047
869408
869446
869501
869534
869601
869765
869871
870005
870026
870046
870407
870408
870569
870676
870895
871058
871163
871166
871198
871347
871496
871550
871580
871599
871728
871752
871881
871883
872051
872099
872226
872517
872575
872598
872964
873050
873074
873132
873161
873168
873430
873447
873719
873847
873957
874299
874472
874589
874717
874720
874762
874857
874933
874945
875056
875316
875450
875537
875758
875787
875942
876049
876205
876226
876257
876674
877170
877391
877395
877502
877630
877644
877682
877712
877724
877741
877841
877965
878005
878048
878093
878106
878228
878372
878413
878432
878470
878554
878555
878568
878584
878597
878648
878656
878721
879127
879195
879224
879232
879239
879510
879720
879819
879828
879849
879931
880043
880270
880372
880413
880444
880450
880479
880555
880648
880662
880710
880835
880856
880897
880986
881028
881078
881173
881180
881203
881367
881376
881426
881457
881462
881524
881594
881651
881676
881683
881751
881766
881820
882075
882085
882165
882247
882383
882389
882404
882514
882584
882636
882739
882795
882796
882832
882981
883113
883185
883274
883444
883553
883702
883821
883888
884210
884266
884413
884619
884638
884682
884774
884787
884887
884890
884973
885441
885530
885665
885758
885833
885973
886144
886211
886392
886453
886538
886540
886573
886612
886614
886751
886884
887093
887163
887174
887274
887287
887314
887348
887417
887490
887544
887691
887989
888012
888106
888141
888424
888479
888527
888676
888681
888907
889100
889197
889422
889428
889558
889870
889882
889889
890011
890129
890190
890441
890444
890481
890498
890531
890633
890751
891048
891073
891113
891245
891251
891279
891462
891471
891529
891653
891726
891826
891898
892008
892010
892069
892083
892117
892227
892281
892314
892393
892405
892407
892512
892751
892781
892900
892934
893000
893006
893071
893084
893116
893422
893498
893653
893808
893833
893861
893945
893966
894057
894147
894285
894305
894325
894841
894992
895022
895081
895155
895454
895461
895501
895522
895604
896070
896105
896132
896355
896486
896559
896579
896616
896950
896981
897124
897225
897231
897321
897324
897339
897420
897424
897488
897496
897564
897633
897651
897762
897871
898036
898090
898128
898146
898154
898573
898684
898727
898924
898929
898960
898978
899236
899351
899374
899439
899457
899511
899512
899671
899704
899741
899865
899874
899913
899925
899996
900147
900178
900196
900219
900223
900261
900279
900304
900323
900340
900654
900695
900790
900865
900962
901106
901154
901306
901337
901386
901470
901476
901565
901762
901780
902007
902041
902057
902069
902124
902446
902643
902644
902804
902886
902972
903093
903104
903210
903211
903257
903327
903468
903580
903687
903849
903862
903910
903992
904092
904134
904145
904171
904264
904353
904391
904411
904418
904520
904614
904640
904665
904789
904865
904964
905035
905138
905166
905219
905341
905475
905628
905634
905653
905721
905730
905836
905891
906001
906218
906391
906509
906589
906769
906783
906874
906898
906902
906904
906943
906957
907059
907232
907273
907306
907556
907598
907609
907628
907632
907683
907862
907981
907982
907993
908092
908684
908819
908820
908827
908927
908965
909018
909136
909214
909351
909399
909484
909612
909631
909645
909946
910156
910160
910187
910258
910308
910413
910437
910502
910509
910553
910571
910603
910612
910704
910816
910826
911016
911080
911108
911164
911348
911495
911719
911749
911824
911939
912064
912333
912466
912494
912772
912839
912889
912900
912998
913011
913274
913690
914092
914264
914373
914397
914436
914652
914712
914861
915020
915059
915105
915307
915501
915805
915827
915884
915902
916148
916212
916253
916257
916396
916401
916443
916452
916577
916605
916698
916713
916732
916770
916803
916895
917142
917146
917216
917335
917441
917448
917570
917775
917830
918076
918278
918467
918519
918698
918730
918769
918837
919018
919141
919179
919325
919374
919445
919457
919463
919543
919562
919579
919710
919773
919841
920284
920563
920737
920818
920912
920915
921502
921548
921608
921839
921842
921971
922026
922027
922072
922189
922266
922326
922404
922429
922496
922535
922561
922584
922648
922659
922794
922805
922865
922886
922978
922995
923025
923045
923188
923273
923622
924044
924075
924467
924699
924934
925063
925068
925070
925244
925343
925529
925590
925659
925722
925742
925792
925823
925843
925885
925932
926104
926293
926603
926703
926853
926869
926998
927114
927134
927209
927213
927228
927244
