835713694
357889188
564017490
428342041
589401024
967631537
564460494
876999564
360358556
549146258
371904618
477457878
442769014
709658270
229275706
224097000
699358783
378144005
294510748
946508749
157008204
332077559
927266425
505374418
413999109
633319181
310039316
75107841
170693377
81749548
248328192
148966677
556159514
294465359
128437059
913150913
305894990
183238441
945223366
856474432
570349405
935982719
964964396
227133240
971297408
386392962
535789952
456883363
385845831
118813363
572674590
296590646
532290892
923651829
649168736
646804115
378806061
6787229
