58
6787229
378806061
646804115
649168736
923651829
532290892
296590646
572674590
118813363
385845831
456883363
535789952
386392962
971297408
227133240
964964396
935982719
570349405
856474432
945223366
183238441
305894990
913150913
128437059
294465359
556159514
148966677
248328192
81749548
170693377
75107841
310039316
633319181
413999109
505374418
927266425
332077559
157008204
946508749
294510748
378144005
699358783
224097000
229275706
709658270
442769014
477457878
371904618
549146258
360358556
876999564
564460494
967631537
589401024
428342041
564017490
357889188
835713694
