407092682
841974828
955345916
594526594
670823595
670698424
915880744
365289772
152568978
717763168
813223509
866171640
307946235
326249999
182466971
810128472
651876354
662575025
574038138
292546974
288038644
701501235
229138095
92511506
255530896
379927503
844703501
149089585
13202951
648890491
236077359
377956945
377051366
653417743
488241055
845934852
439405358
307368677
224053729
251261330
462437599
627793664
827051145
198067046
144728733
812751891
944571762
472110521
527109273
477955651
531712018
511075481
111117496
568716266
511945383
492688119
394507573
395828937
990920180
705538558
544018859
686192549
216780228
899899871
928637635
778922464
251605680
160839872
29312624
539063543
489478921
90386588
896003558
429796869
368924596
883777239
879434141
376607079
980236213
97419355
378249078
515489458
324546355
492522855
561302675
647226666
395896652
239797688
922432465
17961653
357883592
345461111
575035087
35550572
655347143
604388110
822127095
398163287
998318075
335542440
576171679
700033377
7694163
633516952
686158061
25971922
478609087
367733045
504138876
156877044
959250193
408822456
859281853
186032112
578089602
664051824
227445326
655045823
283566832
991819915
178515451
642962458
329566654
224395163
750417791
230698903
137149489
132864566
605799856
307673991
210973190
913813098
385506721
463392025
796728547
954008248
887473000
73898254
586647021
982479521
313446931
681957860
801804314
153929315
845146832
529329044
335625640
406166311
455034752
199478386
752512322
815344222
808895192
365232750
49344378
90015136
759117057
561092529
569988527
108483983
430268460
120348404
26700034
288303407
190147066
155104988
678377741
658486162
477914800
16432067
496280479
839970253
583927633
187847515
102521021
581179611
883319417
243797641
428850426
264580472
604044546
155221734
850642979
337121726
568656260
372743363
504432462
370165453
267332586
738803457
648704745
733590482
356056358
619782218
13223996
12412021
492944820
907276163
553460723
766417401
371022501
886008229
961912326
693741061
177500600
296149064
301224443
742362151
424163968
276417299
222651829
610478056
468244115
903012082
842675255
620054498
515676833
905172409
427679822
53665574
574490426
443042230
380350135
486416786
166259992
461193437
600374785
539842267
171337716
268335280
287253699
880511930
871533679
300462643
54251807
961471099
11408511
117637993
204273366
201778345
249659672
533226830
363627634
850389246
79086237
380318206
721473425
414514663
69111572
988146632
993175518
975454706
273305707
948091476
205862985
304060067
227897302
706352786
704238618
862738283
312314611
136600942
52860488
744827244
155488074
640141518
464512167
403773263
768646315
491794721
278814604
280199252
955276921
545525546
248263820
99637202
479264860
766854208
1436968
883774586
319949161
699205981
59556370
647127490
473441228
280391294
965930793
692334170
773607483
458120410
970436131
148453214
753918115
439432628
719202265
149512029
778377601
167871345
928837923
275881141
207204474
408785207
729888867
975823433
895158343
303375787
508062532
226510795
907115564
452496577
230332941
692103987
620263514
52573654
603116499
209931005
266387745
332462352
394686352
467657308
413606190
277424904
253752061
550700912
367008295
677182427
330053546
62050890
840584131
712581830
385514126
617227345
721625634
457965112
821504166
558104063
778875236
553640457
578684304
467745310
183046952
977129466
232461086
356748936
146881575
949845560
623079997
362987163
267280829
997767443
496657504
11803437
621845815
437550222
357374166
958172421
753258345
267946601
686150952
968246747
536621589
620970606
331244035
184975030
476199760
768766327
367512043
85168771
553410710
523324725
805555217
734318177
871714305
759326691
478357694
222182497
702887564
733793103
620933031
249529088
29052084
467331783
475427174
987490995
322033735
415994048
817360116
896480978
34154178
231978186
102340734
618722371
358673068
655413819
130998292
610940618
326939750
833132711
183660390
332985933
623221962
284766471
21579730
336028344
231319976
93601009
730077533
264969863
102176632
432547213
372511826
459162507
585945926
358325976
160080536
879665926
64915707
816958840
330915117
999218265
555740282
543761243
327289576
992499523
78851876
914991985
948484808
752248814
104516626
695081536
673323810
35063644
545151323
822266520
177979817
89137236
140389952
529464605
326147944
242480026
210759802
228982349
180677155
40244484
116409722
127580884
938968775
633320307
579675470
979488654
583938340
743215542
864578180
239654207
444069241
686342871
757531978
621155295
928781619
81725997
653517165
808984480
570558247
229984809
893773171
109712643
133854518
304753578
66444717
745250911
562754201
653437983
959632602
144742764
921699267
298306525
873776586
52250273
903703515
834293468
727359791
733910474
6267981
126508655
908866687
485750056
437477033
651736187
698011605
126363267
733898997
572687762
566991230
453008954
453540956
406868541
364486590
916378256
698262675
288141753
747762181
184497702
985976404
147717993
625959306
738397634
185730996
682193900
154819856
970823142
664493290
800775444
993921035
267481035
614570607
979234746
652159409
155663220
758065798
836389979
418507136
128582651
210468476
576665754
225051672
858887223
179498759
298465686
963165517
464311513
1682318
505187692
726152875
513281052
584718272
636044826
343914424
261259433
75913315
20883901
261660028
67054662
816356183
47913087
135325538
216759844
112595951
592631250
340637471
263774976
224112195
798866483
544879145
493897988
354751847
735811344
891546156
165140559
174818708
404966152
217248975
472724136
122943766
623953833
15126162
795431206
168132467
714793256
129230410
558067613
41929480
256344585
848151566
943132961
936310605
170943265
368766623
220295951
779623185
746437244
558274000
675182074
727673770
323068147
26037485
45704143
978654211
879715584
7419210
663986673
462928749
45748703
743187470
721425597
492073156
189744392
455752436
905564024
900184930
97677378
641426142
69757133
189026004
830281658
437852962
297856747
541380327
190947477
213855103
872545998
801131403
575424983
598732178
437521062
309792291
19924654
453892281
948712658
777896104
664788218
394090239
417122814
192362951
265737512
383187026
179650920
592488159
273798978
134773409
465127416
19855851
103057234
170168291
825584060
379309902
165790572
734032546
192027240
159943652
6611090
365817431
177558528
676220560
271039840
20701810
633221820
134242
663787065
103517301
712311569
93703033
243246580
629642615
961939787
100778101
637993473
509581186
538841834
64824399
430022069
362481292
329545531
995436240
48830283
642685090
9571753
801149148
862466862
848991776
481332987
267040954
105309170
118603784
482648016
729018262
78811654
726294818
674506169
85762263
471293942
702305805
550559997
667605395
116307482
474394987
