685
474394987
116307482
667605395
550559997
702305805
471293942
85762263
674506169
726294818
78811654
729018262
482648016
118603784
105309170
267040954
481332987
848991776
862466862
801149148
9571753
642685090
48830283
995436240
329545531
362481292
430022069
64824399
538841834
509581186
637993473
100778101
961939787
629642615
243246580
93703033
712311569
103517301
663787065
134242
633221820
20701810
271039840
676220560
177558528
365817431
6611090
159943652
192027240
734032546
165790572
379309902
825584060
170168291
103057234
19855851
465127416
134773409
273798978
592488159
179650920
383187026
265737512
192362951
417122814
394090239
664788218
777896104
948712658
453892281
19924654
309792291
437521062
598732178
575424983
801131403
872545998
213855103
190947477
541380327
297856747
437852962
830281658
189026004
69757133
641426142
97677378
900184930
905564024
455752436
189744392
492073156
721425597
743187470
45748703
462928749
663986673
7419210
879715584
978654211
45704143
26037485
323068147
727673770
675182074
558274000
746437244
779623185
220295951
368766623
170943265
936310605
943132961
848151566
256344585
41929480
558067613
129230410
714793256
168132467
795431206
15126162
623953833
122943766
472724136
217248975
404966152
174818708
165140559
891546156
735811344
354751847
493897988
544879145
798866483
224112195
263774976
340637471
592631250
112595951
216759844
135325538
47913087
816356183
67054662
261660028
20883901
75913315
261259433
343914424
636044826
584718272
513281052
726152875
505187692
1682318
464311513
963165517
298465686
179498759
858887223
225051672
576665754
210468476
128582651
418507136
836389979
758065798
155663220
652159409
979234746
614570607
267481035
993921035
800775444
664493290
970823142
154819856
682193900
185730996
738397634
625959306
147717993
985976404
184497702
747762181
288141753
698262675
916378256
364486590
406868541
453540956
453008954
566991230
572687762
733898997
126363267
698011605
651736187
437477033
485750056
908866687
126508655
6267981
733910474
727359791
834293468
903703515
52250273
873776586
298306525
921699267
144742764
959632602
653437983
562754201
745250911
66444717
304753578
133854518
109712643
893773171
229984809
570558247
808984480
653517165
81725997
928781619
621155295
757531978
686342871
444069241
239654207
864578180
743215542
583938340
979488654
579675470
633320307
938968775
127580884
116409722
40244484
180677155
228982349
210759802
242480026
326147944
529464605
140389952
89137236
177979817
822266520
545151323
35063644
673323810
695081536
104516626
752248814
948484808
914991985
78851876
992499523
327289576
543761243
555740282
999218265
330915117
816958840
64915707
879665926
160080536
358325976
585945926
459162507
372511826
432547213
102176632
264969863
730077533
93601009
231319976
336028344
21579730
284766471
623221962
332985933
183660390
833132711
326939750
610940618
130998292
655413819
358673068
618722371
102340734
231978186
34154178
896480978
817360116
415994048
322033735
987490995
475427174
467331783
29052084
249529088
620933031
733793103
702887564
222182497
478357694
759326691
871714305
734318177
805555217
523324725
553410710
85168771
367512043
768766327
476199760
184975030
331244035
620970606
536621589
968246747
686150952
267946601
753258345
958172421
357374166
437550222
621845815
11803437
496657504
997767443
267280829
362987163
623079997
949845560
146881575
356748936
232461086
977129466
183046952
467745310
578684304
553640457
778875236
558104063
821504166
457965112
721625634
617227345
385514126
712581830
840584131
62050890
330053546
677182427
367008295
550700912
253752061
277424904
413606190
467657308
394686352
332462352
266387745
209931005
603116499
52573654
620263514
692103987
230332941
452496577
907115564
226510795
508062532
303375787
895158343
975823433
729888867
408785207
207204474
275881141
928837923
167871345
778377601
149512029
719202265
439432628
753918115
148453214
970436131
458120410
773607483
692334170
965930793
280391294
473441228
647127490
59556370
699205981
319949161
883774586
1436968
766854208
479264860
99637202
248263820
545525546
955276921
280199252
278814604
491794721
768646315
403773263
464512167
640141518
155488074
744827244
52860488
136600942
312314611
862738283
704238618
706352786
227897302
304060067
205862985
948091476
273305707
975454706
993175518
988146632
69111572
414514663
721473425
380318206
79086237
850389246
363627634
533226830
249659672
201778345
204273366
117637993
11408511
961471099
54251807
300462643
871533679
880511930
287253699
268335280
171337716
539842267
600374785
461193437
166259992
486416786
380350135
443042230
574490426
53665574
427679822
905172409
515676833
620054498
842675255
903012082
468244115
610478056
222651829
276417299
424163968
742362151
301224443
296149064
177500600
693741061
961912326
886008229
371022501
766417401
553460723
907276163
492944820
12412021
13223996
619782218
356056358
733590482
648704745
738803457
267332586
370165453
504432462
372743363
568656260
337121726
850642979
155221734
604044546
264580472
428850426
243797641
883319417
581179611
102521021
187847515
583927633
839970253
496280479
16432067
477914800
658486162
678377741
155104988
190147066
288303407
26700034
120348404
430268460
108483983
569988527
561092529
759117057
90015136
49344378
365232750
808895192
815344222
752512322
199478386
455034752
406166311
335625640
529329044
845146832
153929315
801804314
681957860
313446931
982479521
586647021
73898254
887473000
954008248
796728547
463392025
385506721
913813098
210973190
307673991
605799856
132864566
137149489
230698903
750417791
224395163
329566654
642962458
178515451
991819915
283566832
655045823
227445326
664051824
578089602
186032112
859281853
408822456
959250193
156877044
504138876
367733045
478609087
25971922
686158061
633516952
7694163
700033377
576171679
335542440
998318075
398163287
822127095
604388110
655347143
35550572
575035087
345461111
357883592
17961653
922432465
239797688
395896652
647226666
561302675
492522855
324546355
515489458
378249078
97419355
980236213
376607079
879434141
883777239
368924596
429796869
896003558
90386588
489478921
539063543
29312624
160839872
251605680
778922464
928637635
899899871
216780228
686192549
544018859
705538558
990920180
395828937
394507573
492688119
511945383
568716266
111117496
511075481
531712018
477955651
527109273
472110521
944571762
812751891
144728733
198067046
827051145
627793664
462437599
251261330
224053729
307368677
439405358
845934852
488241055
653417743
377051366
377956945
236077359
648890491
13202951
149089585
844703501
379927503
255530896
92511506
229138095
701501235
288038644
292546974
574038138
662575025
651876354
810128472
182466971
326249999
307946235
866171640
813223509
717763168
152568978
365289772
915880744
670698424
670823595
594526594
955345916
841974828
407092682
