417187629
193650947
532785202
196953846
177751179
889505779
623424445
622136219
450964181
370679866
97201306
347209897
65191744
715217011
38095878
804037147
813322239
316439052
269655655
762748439
582979763
966769396
859225774
405908064
74181755
698160669
972877782
653523582
280856047
797920381
337283782
827067848
506425031
63333819
875106173
579324336
710700051
529473749
767923015
376588880
257138212
130540539
699741834
388307565
469060450
959192534
514561593
907637456
604914138
461837567
513628724
956178351
989092756
862067905
344601787
942965205
61050777
90742906
878164727
656723099
557771047
456022151
580468440
663634084
452208925
176175725
374120509
796836512
559365554
751809080
675483836
986741415
191638293
370916280
487091384
766920086
952931666
169763003
63606294
265895282
118224760
408655928
510544654
476192763
563381017
581099286
278382502
932746873
443137052
313807132
24977585
573602096
69754045
612408207
803514
146427832
313953907
805899535
721150319
604222594
337732756
241880973
712662155
733966695
695040842
135740885
577857599
134894688
876679689
119849347
173030999
288336235
374258538
997363259
596907562
562461271
944678725
437121998
799258866
416541383
539276498
808479015
820268732
210618129
890741395
677594038
222805390
270744357
141576647
252795996
289226317
810165555
876416696
505003615
759094605
938747546
883783638
755924751
760768434
892012880
904351679
356572714
892408109
730995798
13296151
411417357
297565985
354351487
888951479
324857886
491142061
870269059
822676520
159093529
967197911
295957583
501770603
433682474
306953554
753520968
973620742
347585900
608479332
584491995
902849966
127561577
251781217
574002394
885791068
521191849
10041879
833809007
697426710
349976649
859741265
733343700
865151800
178680487
974227219
37553269
930276919
234864925
169223135
980433739
790760955
986843696
593851702
253314728
680706478
295557763
460205853
383726098
842706744
811759201
684231399
136932170
995620557
948263906
474471292
192015156
703313503
719967375
638271982
604705237
781578343
392130270
616099456
590734033
922550961
755764356
361786698
761592560
807376170
862539711
214196802
582269219
683078179
836996494
130348358
462891940
134838249
619161272
287926537
813008603
573466770
81544292
807202399
804878140
447408617
178472174
613944397
692120498
639058638
254510060
963995881
387513250
774130564
547844487
138783309
421566723
562565869
714110277
434040373
535018179
938998217
611005401
977614400
95309279
521950703
988243668
76527842
420652118
931739283
783752550
376777836
977093024
279017368
444695309
867584950
200873271
559959271
522578113
497897822
218087268
642518608
103876938
583745257
278010419
824038641
265687431
617876710
160607551
271429138
749671577
804917060
119011695
264395767
604008564
256147587
514996107
442916945
265146312
761401151
211117125
992387519
432426396
467457615
611723966
963011108
949501796
311351194
170652821
865237206
357218655
363197058
873257170
665676025
868802487
810365686
838869813
442838745
564881185
730185994
886260924
102276961
100481675
719588098
500759426
755895246
377277843
207949902
671212322
858921930
465019466
563320767
665137425
711852282
72641159
917273403
123727764
135306976
854036029
156452108
946208073
75980515
293908226
50807808
487914319
235619997
824822780
634863837
909114977
348425501
974584177
678906929
262709476
888639104
209044682
642936153
974421360
39142686
604569802
451807693
861870433
79799781
509738676
711339479
6984016
248846637
916071804
537383287
239021424
977956171
69688100
684092938
593623438
844602570
854822425
638143398
992986703
307806472
890100061
177069030
369440712
59527506
51529834
767634546
524438986
760311805
929186564
996403672
389458614
254575945
171674887
785060250
17512667
127021337
833689584
107765637
581185376
328392621
985721975
153331455
33985671
402057810
173197154
268426913
435155175
863972575
762469026
16265731
493019808
584684313
543576985
901360330
414213694
763907921
111575260
499961792
947271559
578196676
328566469
878065526
976100092
254126199
560098115
210198910
140582459
786045180
682146194
256672638
573974839
575307040
892908592
12830536
358297135
195570173
966911681
550668586
774954596
668050507
795289057
264376355
221657782
96244322
506829346
178620217
211185297
639256936
189213296
64207220
589230749
370497691
939952419
529475850
497110815
407351557
70827610
150875226
149513469
158446154
137276565
622440073
300403197
206576743
844281699
884291264
515059632
218170569
301218135
62181895
148578439
562275327
968290626
10213214
230793296
280883137
318065744
587326121
320365278
923657852
760579044
263870739
827952359
392741319
342560143
782187244
217435688
545118263
83092850
684232514
776423017
179082652
222894859
572258542
763053052
492966310
632121962
437419592
598659136
382227031
725291288
163075255
449706116
168103849
833299984
451786124
805172088
54969174
515249213
28633873
637888979
895483267
510000487
496582902
175375248
90555776
774916061
942370650
105259515
719628529
517780887
52497455
642362501
238783177
469936274
968076513
793879939
742253509
587656018
645589735
124400475
938864706
188318928
557309469
967497851
40751343
62704241
766276797
557632372
118616764
200245484
178272750
306224633
534079928
515077347
687397721
509855542
953795613
561186476
476562672
85230789
810683424
864247658
784301362
562877570
922475331
356986802
547769250
255019331
310687001
117324094
3801423
767662512
709325045
936234193
148544911
257924812
737611693
403672006
712927840
535094931
457362091
880225156
507893779
318383526
413963067
376981023
820974927
396650613
707545691
98979045
70421410
752696533
751606464
520904109
954102496
443740402
842273061
885569486
771337522
942561781
7845670
94192664
21046360
804710374
691919013
413540765
913978474
699290808
496869287
489879529
306821307
765206759
176090707
497684409
707350011
318945831
991092536
996428631
160491787
639923483
259809228
431586291
9419554
698357278
602024525
275086521
36803576
59591990
171156598
937531610
784234178
668563242
852550685
740657045
704303834
983187682
510942405
884546554
352858016
925270560
291297501
751677768
568388597
433690702
100547440
991762747
398988557
279227879
816015658
365807912
705232928
334507174
898509309
160985193
192182374
671084276
78234341
701228037
975903434
877928319
733036342
634326991
917934636
589801177
866485520
495760495
134507892
990759233
342271824
562832291
893662674
305038175
467158370
590577949
436136253
537582428
523339216
641909090
414570611
344221661
325305080
810046054
597637542
910164642
443131482
494537923
189091069
3468492
648449606
584293691
14336762
706568310
344267541
732731543
448401486
416645838
380265876
66039957
916024498
283082519
920186828
287705768
815861838
572734152
203847377
865782256
833855135
711142440
903466497
741319772
976352742
30769510
753757606
