685
753757606
30769510
976352742
741319772
903466497
711142440
833855135
865782256
203847377
572734152
815861838
287705768
920186828
283082519
916024498
66039957
380265876
416645838
448401486
732731543
344267541
706568310
14336762
584293691
648449606
3468492
189091069
494537923
443131482
910164642
597637542
810046054
325305080
344221661
414570611
641909090
523339216
537582428
436136253
590577949
467158370
305038175
893662674
562832291
342271824
990759233
134507892
495760495
866485520
589801177
917934636
634326991
733036342
877928319
975903434
701228037
78234341
671084276
192182374
160985193
898509309
334507174
705232928
365807912
816015658
279227879
398988557
991762747
100547440
433690702
568388597
751677768
291297501
925270560
352858016
884546554
510942405
983187682
704303834
740657045
852550685
668563242
784234178
937531610
171156598
59591990
36803576
275086521
602024525
698357278
9419554
431586291
259809228
639923483
160491787
996428631
991092536
318945831
707350011
497684409
176090707
765206759
306821307
489879529
496869287
699290808
913978474
413540765
691919013
804710374
21046360
94192664
7845670
942561781
771337522
885569486
842273061
443740402
954102496
520904109
751606464
752696533
70421410
98979045
707545691
396650613
820974927
376981023
413963067
318383526
507893779
880225156
457362091
535094931
712927840
403672006
737611693
257924812
148544911
936234193
709325045
767662512
3801423
117324094
310687001
255019331
547769250
356986802
922475331
562877570
784301362
864247658
810683424
85230789
476562672
561186476
953795613
509855542
687397721
515077347
534079928
306224633
178272750
200245484
118616764
557632372
766276797
62704241
40751343
967497851
557309469
188318928
938864706
124400475
645589735
587656018
742253509
793879939
968076513
469936274
238783177
642362501
52497455
517780887
719628529
105259515
942370650
774916061
90555776
175375248
496582902
510000487
895483267
637888979
28633873
515249213
54969174
805172088
451786124
833299984
168103849
449706116
163075255
725291288
382227031
598659136
437419592
632121962
492966310
763053052
572258542
222894859
179082652
776423017
684232514
83092850
545118263
217435688
782187244
342560143
392741319
827952359
263870739
760579044
923657852
320365278
587326121
318065744
280883137
230793296
10213214
968290626
562275327
148578439
62181895
301218135
218170569
515059632
884291264
844281699
206576743
300403197
622440073
137276565
158446154
149513469
150875226
70827610
407351557
497110815
529475850
939952419
370497691
589230749
64207220
189213296
639256936
211185297
178620217
506829346
96244322
221657782
264376355
795289057
668050507
774954596
550668586
966911681
195570173
358297135
12830536
892908592
575307040
573974839
256672638
682146194
786045180
140582459
210198910
560098115
254126199
976100092
878065526
328566469
578196676
947271559
499961792
111575260
763907921
414213694
901360330
543576985
584684313
493019808
16265731
762469026
863972575
435155175
268426913
173197154
402057810
33985671
153331455
985721975
328392621
581185376
107765637
833689584
127021337
17512667
785060250
171674887
254575945
389458614
996403672
929186564
760311805
524438986
767634546
51529834
59527506
369440712
177069030
890100061
307806472
992986703
638143398
854822425
844602570
593623438
684092938
69688100
977956171
239021424
537383287
916071804
248846637
6984016
711339479
509738676
79799781
861870433
451807693
604569802
39142686
974421360
642936153
209044682
888639104
262709476
678906929
974584177
348425501
909114977
634863837
824822780
235619997
487914319
50807808
293908226
75980515
946208073
156452108
854036029
135306976
123727764
917273403
72641159
711852282
665137425
563320767
465019466
858921930
671212322
207949902
377277843
755895246
500759426
719588098
100481675
102276961
886260924
730185994
564881185
442838745
838869813
810365686
868802487
665676025
873257170
363197058
357218655
865237206
170652821
311351194
949501796
963011108
611723966
467457615
432426396
992387519
211117125
761401151
265146312
442916945
514996107
256147587
604008564
264395767
119011695
804917060
749671577
271429138
160607551
617876710
265687431
824038641
278010419
583745257
103876938
642518608
218087268
497897822
522578113
559959271
200873271
867584950
444695309
279017368
977093024
376777836
783752550
931739283
420652118
76527842
988243668
521950703
95309279
977614400
611005401
938998217
535018179
434040373
714110277
562565869
421566723
138783309
547844487
774130564
387513250
963995881
254510060
639058638
692120498
613944397
178472174
447408617
804878140
807202399
81544292
573466770
813008603
287926537
619161272
134838249
462891940
130348358
836996494
683078179
582269219
214196802
862539711
807376170
761592560
361786698
755764356
922550961
590734033
616099456
392130270
781578343
604705237
638271982
719967375
703313503
192015156
474471292
948263906
995620557
136932170
684231399
811759201
842706744
383726098
460205853
295557763
680706478
253314728
593851702
986843696
790760955
980433739
169223135
234864925
930276919
37553269
974227219
178680487
865151800
733343700
859741265
349976649
697426710
833809007
10041879
521191849
885791068
574002394
251781217
127561577
902849966
584491995
608479332
347585900
973620742
753520968
306953554
433682474
501770603
295957583
967197911
159093529
822676520
870269059
491142061
324857886
888951479
354351487
297565985
411417357
13296151
730995798
892408109
356572714
904351679
892012880
760768434
755924751
883783638
938747546
759094605
505003615
876416696
810165555
289226317
252795996
141576647
270744357
222805390
677594038
890741395
210618129
820268732
808479015
539276498
416541383
799258866
437121998
944678725
562461271
596907562
997363259
374258538
288336235
173030999
119849347
876679689
134894688
577857599
135740885
695040842
733966695
712662155
241880973
337732756
604222594
721150319
805899535
313953907
146427832
803514
612408207
69754045
573602096
24977585
313807132
443137052
932746873
278382502
581099286
563381017
476192763
510544654
408655928
118224760
265895282
63606294
169763003
952931666
766920086
487091384
370916280
191638293
986741415
675483836
751809080
559365554
796836512
374120509
176175725
452208925
663634084
580468440
456022151
557771047
656723099
878164727
90742906
61050777
942965205
344601787
862067905
989092756
956178351
513628724
461837567
604914138
907637456
514561593
959192534
469060450
388307565
699741834
130540539
257138212
376588880
767923015
529473749
710700051
579324336
875106173
63333819
506425031
827067848
337283782
797920381
280856047
653523582
972877782
698160669
74181755
405908064
859225774
966769396
582979763
762748439
269655655
316439052
813322239
804037147
38095878
715217011
65191744
347209897
97201306
370679866
450964181
622136219
623424445
889505779
177751179
196953846
532785202
193650947
417187629
