761773604
177236658
669287194
595504931
966511622
567288930
759182926
643859158
485177755
624227306
889286559
799946755
740008022
265542964
731274171
912989960
868890890
704865763
801569243
42279379
140133033
371021482
393778791
650245763
33122258
386045931
994753273
321884015
12354577
824172431
555910085
995919505
31993942
155327319
598328236
962176294
739206856
812636757
986547431
922486338
619035408
923247560
573075585
779123859
693924082
138134425
910088792
927814288
468317435
127346975
877207881
71370343
8812496
554897972
964617180
313790275
686385933
783985562
678412555
767438112
505430912
118354539
250232382
834969704
287589580
193841055
956388361
509605138
382970997
433602493
11568812
373836316
588023214
466762225
755380989
842044514
390070165
581338249
209996642
808610446
380694402
378668368
840088231
617325508
490649923
572522755
952405300
988104895
519063303
345817997
832816105
792953362
432577449
178514309
918963371
137989170
606333326
271642675
809002221
819461242
302183365
393982491
974828811
545632694
728817412
185887271
831088208
418278561
615255670
868282349
212672408
952956775
630578397
216922532
349854158
90305187
153418614
927074930
298609830
833968655
388601976
500056315
704067362
50000951
918624852
620325620
32336579
342807886
669689568
147295921
426857528
506505205
455396952
382932046
562176416
556995404
506697133
142274140
336562965
480416985
473023219
704382195
659224533
857733810
95191645
128921472
974589942
509662310
698425312
922815944
876549532
790169229
768230240
178562292
861871894
702281452
854881049
159648051
490993614
366240657
604896658
504458750
630184370
83758201
657254961
745278653
83897219
403387509
331477307
421477907
581026016
909547609
355010897
558619945
158025186
463669504
607571516
545400443
670803884
748651260
259386346
3896185
192080378
88243285
378875715
618338381
552561197
249654852
670882762
248759820
277245336
280762173
32189413
546922157
625049106
943137766
738869221
321296020
286761626
744808928
199701923
877365315
216451531
650850837
897845868
888340292
541329338
314932677
418133775
619814331
533868252
82789728
143083122
80791219
135901061
843150410
352908232
857609874
940040870
280636889
718912109
325963206
555504272
63948647
840409407
843690677
195620372
223309303
803184840
563966146
619588274
393414284
524278909
888023747
776012829
118016602
675775022
161697864
650788537
408363825
380741594
499552155
926248047
699677740
519465874
878789738
536685729
814645772
48758953
665743242
629811457
72601232
346166014
425364322
690058656
236871664
898177734
716764148
805914147
42708433
480904501
884936015
806057099
383915723
212652987
373296390
121960105
625310338
592982708
957172692
824329356
992934711
43839023
907705899
360991268
52615339
343541335
80536041
537398149
45300993
142478314
845398831
668093969
777900584
385171106
753686800
327688568
306616075
456722296
387094229
982315869
220731659
335597322
473673850
517185909
373313602
369280272
98246230
50643359
853211553
807947472
21213268
584757167
395951819
968152825
247397655
887022518
207608841
504006447
673902482
130283390
402123831
951098527
51350197
429677857
795423729
102500672
735208511
58118967
872984857
414845665
733636820
744843738
340700443
622031252
574356328
476650866
964541492
68396608
155918005
155116210
700463299
449186734
755882221
357854362
322657416
275186969
186616917
519941719
857182739
985991625
624204013
725460025
661253224
186261748
729739117
432962449
600321136
761225703
131969892
473803922
322620825
33420372
170659316
115411732
483327586
845059902
863594391
649917716
76819013
966483394
963129640
912231596
867404295
136666225
554828539
628814463
225488594
604593047
243751200
363928418
792073275
62820424
138876579
132271049
804686336
377217562
120341850
86294284
988193015
942109840
528061379
671227126
319544886
118856635
298837923
853446794
978938075
546631468
228539128
951520501
482525651
739411426
824937745
865531907
487450737
735845896
679356869
543097999
201954297
97856662
895086657
489599468
571425077
273269457
91898246
250413003
223434918
199610060
379773521
522038897
361573851
612246616
172366595
726217660
582407505
433515942
216032863
965968543
827370847
475159468
293306223
514797533
384041530
737190854
632357534
74994091
122501679
114245842
518210273
604463910
749543167
282140687
80877026
989704084
699628625
170590713
835655885
292689218
148395075
867556441
665693361
90395021
811118492
227163893
319138556
785906986
76404749
997218640
827620292
435488871
533931099
198114624
581873762
110945339
358947351
840338756
614942317
951794011
688049960
153728113
679779185
942784703
879798452
725314021
706459098
387604051
169747522
388622070
763524808
643880555
956122813
377569339
342314284
964307587
818498942
206960868
562346407
905592319
546563360
474250466
34279761
607630011
484396344
223726821
193305546
256048600
176316328
396159013
787394901
482983490
208715052
801240350
128378201
851560385
570304644
836514863
45118057
137808164
294435836
405807957
548195154
56697064
956587540
497801118
236633411
120573352
137042180
332542777
903711242
75361200
763963330
17733461
564119137
401089088
736703371
874704688
34445250
125937483
21448174
54353874
957402315
756296190
865868623
693234746
110585788
330732092
472059746
654151397
427161327
305214147
287055739
660031529
598988975
395637792
848423835
408711763
958827228
493066465
228429979
750987455
901189647
968802560
366497267
561082152
583444039
355185399
265772126
577020171
357286339
984910805
807337187
395723698
87431418
519815831
503538436
115697198
821713934
922906334
885242211
176525743
793025593
17835705
265996775
500813103
989480610
504922827
606621924
922927184
357049192
44781645
654435352
550208445
40993003
834372710
148564836
489049358
296838858
777303245
298433565
759243571
2523586
165110597
322090764
175764459
40850695
153157315
82538509
512982091
774013616
683954139
306211475
685947135
565824130
249640519
869134787
