596
869134787
249640519
565824130
685947135
306211475
683954139
774013616
512982091
82538509
153157315
40850695
175764459
322090764
165110597
2523586
759243571
298433565
777303245
296838858
489049358
148564836
834372710
40993003
550208445
654435352
44781645
357049192
922927184
606621924
504922827
989480610
500813103
265996775
17835705
793025593
176525743
885242211
922906334
821713934
115697198
503538436
519815831
87431418
395723698
807337187
984910805
357286339
577020171
265772126
355185399
583444039
561082152
366497267
968802560
901189647
750987455
228429979
493066465
958827228
408711763
848423835
395637792
598988975
660031529
287055739
305214147
427161327
654151397
472059746
330732092
110585788
693234746
865868623
756296190
957402315
54353874
21448174
125937483
34445250
874704688
736703371
401089088
564119137
17733461
763963330
75361200
903711242
332542777
137042180
120573352
236633411
497801118
956587540
56697064
548195154
405807957
294435836
137808164
45118057
836514863
570304644
851560385
128378201
801240350
208715052
482983490
787394901
396159013
176316328
256048600
193305546
223726821
484396344
607630011
34279761
474250466
546563360
905592319
562346407
206960868
818498942
964307587
342314284
377569339
956122813
643880555
763524808
388622070
169747522
387604051
706459098
725314021
879798452
942784703
679779185
153728113
688049960
951794011
614942317
840338756
358947351
110945339
581873762
198114624
533931099
435488871
827620292
997218640
76404749
785906986
319138556
227163893
811118492
90395021
665693361
867556441
148395075
292689218
835655885
170590713
699628625
989704084
80877026
282140687
749543167
604463910
518210273
114245842
122501679
74994091
632357534
737190854
384041530
514797533
293306223
475159468
827370847
965968543
216032863
433515942
582407505
726217660
172366595
612246616
361573851
522038897
379773521
199610060
223434918
250413003
91898246
273269457
571425077
489599468
895086657
97856662
201954297
543097999
679356869
735845896
487450737
865531907
824937745
739411426
482525651
951520501
228539128
546631468
978938075
853446794
298837923
118856635
319544886
671227126
528061379
942109840
988193015
86294284
120341850
377217562
804686336
132271049
138876579
62820424
792073275
363928418
243751200
604593047
225488594
628814463
554828539
136666225
867404295
912231596
963129640
966483394
76819013
649917716
863594391
845059902
483327586
115411732
170659316
33420372
322620825
473803922
131969892
761225703
600321136
432962449
729739117
186261748
661253224
725460025
624204013
985991625
857182739
519941719
186616917
275186969
322657416
357854362
755882221
449186734
700463299
155116210
155918005
68396608
964541492
476650866
574356328
622031252
340700443
744843738
733636820
414845665
872984857
58118967
735208511
102500672
795423729
429677857
51350197
951098527
402123831
130283390
673902482
504006447
207608841
887022518
247397655
968152825
395951819
584757167
21213268
807947472
853211553
50643359
98246230
369280272
373313602
517185909
473673850
335597322
220731659
982315869
387094229
456722296
306616075
327688568
753686800
385171106
777900584
668093969
845398831
142478314
45300993
537398149
80536041
343541335
52615339
360991268
907705899
43839023
992934711
824329356
957172692
592982708
625310338
121960105
373296390
212652987
383915723
806057099
884936015
480904501
42708433
805914147
716764148
898177734
236871664
690058656
425364322
346166014
72601232
629811457
665743242
48758953
814645772
536685729
878789738
519465874
699677740
926248047
499552155
380741594
408363825
650788537
161697864
675775022
118016602
776012829
888023747
524278909
393414284
619588274
563966146
803184840
223309303
195620372
843690677
840409407
63948647
555504272
325963206
718912109
280636889
940040870
857609874
352908232
843150410
135901061
80791219
143083122
82789728
533868252
619814331
418133775
314932677
541329338
888340292
897845868
650850837
216451531
877365315
199701923
744808928
286761626
321296020
738869221
943137766
625049106
546922157
32189413
280762173
277245336
248759820
670882762
249654852
552561197
618338381
378875715
88243285
192080378
3896185
259386346
748651260
670803884
545400443
607571516
463669504
158025186
558619945
355010897
909547609
581026016
421477907
331477307
403387509
83897219
745278653
657254961
83758201
630184370
504458750
604896658
366240657
490993614
159648051
854881049
702281452
861871894
178562292
768230240
790169229
876549532
922815944
698425312
509662310
974589942
128921472
95191645
857733810
659224533
704382195
473023219
480416985
336562965
142274140
506697133
556995404
562176416
382932046
455396952
506505205
426857528
147295921
669689568
342807886
32336579
620325620
918624852
50000951
704067362
500056315
388601976
833968655
298609830
927074930
153418614
90305187
349854158
216922532
630578397
952956775
212672408
868282349
615255670
418278561
831088208
185887271
728817412
545632694
974828811
393982491
302183365
819461242
809002221
271642675
606333326
137989170
918963371
178514309
432577449
792953362
832816105
345817997
519063303
988104895
952405300
572522755
490649923
617325508
840088231
378668368
380694402
808610446
209996642
581338249
390070165
842044514
755380989
466762225
588023214
373836316
11568812
433602493
382970997
509605138
956388361
193841055
287589580
834969704
250232382
118354539
505430912
767438112
678412555
783985562
686385933
313790275
964617180
554897972
8812496
71370343
877207881
127346975
468317435
927814288
910088792
138134425
693924082
779123859
573075585
923247560
619035408
922486338
986547431
812636757
739206856
962176294
598328236
155327319
31993942
995919505
555910085
824172431
12354577
321884015
994753273
386045931
33122258
650245763
393778791
371021482
140133033
42279379
801569243
704865763
868890890
912989960
731274171
265542964
740008022
799946755
889286559
624227306
485177755
643859158
759182926
567288930
966511622
595504931
669287194
177236658
761773604
