170362421
693825655
237595031
725163254
645232676
709915940
90126488
820459465
67998797
591520611
415723726
90947156
318499153
611009439
833244607
66846004
942951250
701748931
766788110
174895630
457698261
750919220
401040683
493641948
364485412
742464789
545982502
484975930
78202959
761524272
958138996
243120367
67177637
39406202
541573670
594118012
539526558
167999964
792890560
666612591
270498489
712021824
70503365
75735343
865619885
371426128
536373931
421613520
310324478
89775967
418847158
471571752
605654395
577278049
212370227
628034347
665909355
453584739
359874465
705464477
242337887
935927211
656613680
170693001
554103951
504142462
804773511
701353543
680627227
48755071
737809784
637465360
864235592
460564455
361549508
949161866
74269270
638449015
190636822
99859670
321071052
599194377
556740169
195699235
492564681
518923880
181493155
741789785
801676604
817716109
459760391
443490098
368441713
361401703
953021713
904645837
161935327
713474918
630410475
914081505
28803746
956267157
877038794
338584938
611490489
760592251
990676262
841471919
470523938
604138766
244946819
141210974
448514424
548628298
659429181
861690143
227448802
218238770
992158394
70915015
286401348
646367060
269551122
327321269
858974353
106762104
699502296
883379547
807019242
267177505
510761611
203368032
137808161
544480406
263582706
866278288
436639211
592887577
113207740
791975262
735104783
91156018
587957182
131840215
757408563
59102740
187941955
200841884
902372229
147812775
793037563
649632990
830623198
960274473
951912413
520392710
988183659
358274787
642814920
483505089
534474734
737121562
443859980
676077979
331359213
576752498
12064269
472674297
960770371
592140654
487240892
169227126
376759311
346163166
217893893
926977120
617541220
293843522
611328666
22600351
839224075
206794680
733399576
850506451
485945103
442103242
544074347
939114427
52507788
659439305
183231156
664067221
479507617
934826658
560769252
300894264
566868733
223180068
751748673
41574103
901245640
830274402
256597558
410015803
831271105
986972853
100043166
906047022
224377827
185449118
997686452
723985702
27212671
185213203
332977624
239849365
387984863
185139645
921707118
299196070
235516181
218960816
890205539
323866141
175764839
139501135
489780533
70483644
779221381
216498344
794788628
102764181
48069926
358360446
244550345
833356254
860415291
13818338
173067608
799891238
909743719
812935250
497944814
528053534
281582721
401812135
293832759
96253973
790474237
864752196
845062454
733477988
632863907
782205312
62844966
941818334
706074115
783584609
52777825
318065641
37295409
86245648
100875536
744047345
281094763
124233643
80695376
755264388
6642706
355557215
937608335
193579110
357192810
51176741
50968858
914600634
486422074
854190675
682350119
500864392
445509647
978667796
955316696
245157046
945154627
538819889
110047040
454273158
206765420
667582176
309453214
12082648
287112861
551876988
772238766
356132280
66723269
360520528
155056402
362889586
473469750
768795194
679781877
159118655
757741895
577605224
123668719
16249248
757200447
868941413
940842916
325505895
839023373
9158257
283087876
552164173
494033078
227164560
141618249
738365477
321684598
754103304
209004982
216370649
92279043
332491787
258500670
154693772
465913261
572339123
938671147
795274241
758351949
675821780
204484768
313233507
614077481
544984909
599887526
701723929
849684758
5510129
148340042
638543001
168025996
311874501
782178533
421464582
20770039
875593981
584790624
457970491
28687831
453519270
653606728
616217139
483013094
726231173
55846733
618688178
125800601
914027976
137059478
473058439
303421481
412654243
96956733
527470331
277780135
361578243
942835561
993213582
785556025
626292003
844786285
43960336
977465900
42011103
77022464
219599113
452166915
834509272
543816338
127309539
863652150
730654700
604730209
740199641
600394924
614949769
462543860
583856807
358019887
925803729
7122389
781538904
638290796
709978069
518443499
786290767
601378988
398980886
138391173
502789530
135618194
644590593
40494801
887228335
675452214
753081533
668444894
50168635
954715277
168431966
507193400
239147251
436192843
84982600
381673793
745516800
965001989
241317599
324416057
749599203
903133878
9587379
54184558
584211014
957437774
38617224
281783075
924337646
485563341
287865142
761756918
902919098
952360176
360437753
339720019
965724781
365294405
47795870
216856762
946123073
220949201
957536551
862354100
590585103
766561891
497142973
240994785
46332952
547415171
932857743
708503179
914998869
872483644
719077342
843655728
923648032
432433302
9608281
816045356
129821634
258739174
28612236
703047420
867490979
173112176
883194889
5092006
272629241
656056938
282156471
241310166
925287283
447914829
214759587
191877011
670935368
929294918
581249315
420402500
861817611
357730102
734395942
538901502
659690148
666957706
453250989
32167427
287126955
568546627
232097755
28582698
749886537
165925307
969400181
272624607
388488252
79186291
418185568
633683863
651222666
818601079
815191622
491063273
376671426
225456050
585777014
350731466
712493563
754213495
202456843
971045982
856373517
576532385
221534616
302447756
859588186
976279437
693611894
597007388
742358831
460270271
354832802
708425621
739108751
613672912
94747747
839416482
76027040
366935927
902494118
787759462
165856695
562534189
651445057
763556642
282248358
591425991
58372745
817014822
657061501
638248525
916742810
755848813
51509629
31451803
597942851
406617416
79399130
227988452
116328102
815082432
344520111
396500406
779093494
402003096
673920849
514141464
582944866
372560900
605448842
178524191
502689095
403084292
201730851
470584
351660427
211490647
67736457
358432181
909947341
966926506
356763101
981330388
862366404
90736064
444518268
168607475
184775576
534863785
907950692
154676782
510922901
830667610
26780345
530762700
245420594
852025990
560860150
284078280
232181119
826430344
389159904
414099351
364428790
481849955
234531092
668801674
590118752
896695125
186579498
749103786
759199658
839946386
354322890
5563466
278407103
903546088
86090684
547110155
362810863
135484776
68636981
296675542
988159192
688257572
648823409
129439061
250893179
56921737
275989540
420731849
351672405
287310027
929913000
505436128
572126887
354528885
430614416
445054116
274360443
833371975
299863228
436352566
585629146
934928438
300436625
32428874
533599827
587224230
760439493
84971915
982190518
861372719
761493101
637555291
114894523
726957626
696362055
905827542
798502369
164152259
872984157
232812322
260668946
665798518
464411071
137164644
228058558
60976385
947203456
696199821
592551792
579264741
996852424
954280240
251156385
421433692
173005992
831491938
526613397
540357179
320261625
1120469
729520525
527396927
903995836
875089053
187379831
917101757
175515435
318018339
899536528
452327839
365668083
634404037
19144488
329669648
556016600
64260493
41605887
906883925
196238485
274157546
343764595
541437800
688625611
996303063
822337955
680065079
415795702
855336980
33709495
922412026
635939866
327019885
