709
327019885
635939866
922412026
33709495
855336980
415795702
680065079
822337955
996303063
688625611
541437800
343764595
274157546
196238485
906883925
41605887
64260493
556016600
329669648
19144488
634404037
365668083
452327839
899536528
318018339
175515435
917101757
187379831
875089053
903995836
527396927
729520525
1120469
320261625
540357179
526613397
831491938
173005992
421433692
251156385
954280240
996852424
579264741
592551792
696199821
947203456
60976385
228058558
137164644
464411071
665798518
260668946
232812322
872984157
164152259
798502369
905827542
696362055
726957626
114894523
637555291
761493101
861372719
982190518
84971915
760439493
587224230
533599827
32428874
300436625
934928438
585629146
436352566
299863228
833371975
274360443
445054116
430614416
354528885
572126887
505436128
929913000
287310027
351672405
420731849
275989540
56921737
250893179
129439061
648823409
688257572
988159192
296675542
68636981
135484776
362810863
547110155
86090684
903546088
278407103
5563466
354322890
839946386
759199658
749103786
186579498
896695125
590118752
668801674
234531092
481849955
364428790
414099351
389159904
826430344
232181119
284078280
560860150
852025990
245420594
530762700
26780345
830667610
510922901
154676782
907950692
534863785
184775576
168607475
444518268
90736064
862366404
981330388
356763101
966926506
909947341
358432181
67736457
211490647
351660427
470584
201730851
403084292
502689095
178524191
605448842
372560900
582944866
514141464
673920849
402003096
779093494
396500406
344520111
815082432
116328102
227988452
79399130
406617416
597942851
31451803
51509629
755848813
916742810
638248525
657061501
817014822
58372745
591425991
282248358
763556642
651445057
562534189
165856695
787759462
902494118
366935927
76027040
839416482
94747747
613672912
739108751
708425621
354832802
460270271
742358831
597007388
693611894
976279437
859588186
302447756
221534616
576532385
856373517
971045982
202456843
754213495
712493563
350731466
585777014
225456050
376671426
491063273
815191622
818601079
651222666
633683863
418185568
79186291
388488252
272624607
969400181
165925307
749886537
28582698
232097755
568546627
287126955
32167427
453250989
666957706
659690148
538901502
734395942
357730102
861817611
420402500
581249315
929294918
670935368
191877011
214759587
447914829
925287283
241310166
282156471
656056938
272629241
5092006
883194889
173112176
867490979
703047420
28612236
258739174
129821634
816045356
9608281
432433302
923648032
843655728
719077342
872483644
914998869
708503179
932857743
547415171
46332952
240994785
497142973
766561891
590585103
862354100
957536551
220949201
946123073
216856762
47795870
365294405
965724781
339720019
360437753
952360176
902919098
761756918
287865142
485563341
924337646
281783075
38617224
957437774
584211014
54184558
9587379
903133878
749599203
324416057
241317599
965001989
745516800
381673793
84982600
436192843
239147251
507193400
168431966
954715277
50168635
668444894
753081533
675452214
887228335
40494801
644590593
135618194
502789530
138391173
398980886
601378988
786290767
518443499
709978069
638290796
781538904
7122389
925803729
358019887
583856807
462543860
614949769
600394924
740199641
604730209
730654700
863652150
127309539
543816338
834509272
452166915
219599113
77022464
42011103
977465900
43960336
844786285
626292003
785556025
993213582
942835561
361578243
277780135
527470331
96956733
412654243
303421481
473058439
137059478
914027976
125800601
618688178
55846733
726231173
483013094
616217139
653606728
453519270
28687831
457970491
584790624
875593981
20770039
421464582
782178533
311874501
168025996
638543001
148340042
5510129
849684758
701723929
599887526
544984909
614077481
313233507
204484768
675821780
758351949
795274241
938671147
572339123
465913261
154693772
258500670
332491787
92279043
216370649
209004982
754103304
321684598
738365477
141618249
227164560
494033078
552164173
283087876
9158257
839023373
325505895
940842916
868941413
757200447
16249248
123668719
577605224
757741895
159118655
679781877
768795194
473469750
362889586
155056402
360520528
66723269
356132280
772238766
551876988
287112861
12082648
309453214
667582176
206765420
454273158
110047040
538819889
945154627
245157046
955316696
978667796
445509647
500864392
682350119
854190675
486422074
914600634
50968858
51176741
357192810
193579110
937608335
355557215
6642706
755264388
80695376
124233643
281094763
744047345
100875536
86245648
37295409
318065641
52777825
783584609
706074115
941818334
62844966
782205312
632863907
733477988
845062454
864752196
790474237
96253973
293832759
401812135
281582721
528053534
497944814
812935250
909743719
799891238
173067608
13818338
860415291
833356254
244550345
358360446
48069926
102764181
794788628
216498344
779221381
70483644
489780533
139501135
175764839
323866141
890205539
218960816
235516181
299196070
921707118
185139645
387984863
239849365
332977624
185213203
27212671
723985702
997686452
185449118
224377827
906047022
100043166
986972853
831271105
410015803
256597558
830274402
901245640
41574103
751748673
223180068
566868733
300894264
560769252
934826658
479507617
664067221
183231156
659439305
52507788
939114427
544074347
442103242
485945103
850506451
733399576
206794680
839224075
22600351
611328666
293843522
617541220
926977120
217893893
346163166
376759311
169227126
487240892
592140654
960770371
472674297
12064269
576752498
331359213
676077979
443859980
737121562
534474734
483505089
642814920
358274787
988183659
520392710
951912413
960274473
830623198
649632990
793037563
147812775
902372229
200841884
187941955
59102740
757408563
131840215
587957182
91156018
735104783
791975262
113207740
592887577
436639211
866278288
263582706
544480406
137808161
203368032
510761611
267177505
807019242
883379547
699502296
106762104
858974353
327321269
269551122
646367060
286401348
70915015
992158394
218238770
227448802
861690143
659429181
548628298
448514424
141210974
244946819
604138766
470523938
841471919
990676262
760592251
611490489
338584938
877038794
956267157
28803746
914081505
630410475
713474918
161935327
904645837
953021713
361401703
368441713
443490098
459760391
817716109
801676604
741789785
181493155
518923880
492564681
195699235
556740169
599194377
321071052
99859670
190636822
638449015
74269270
949161866
361549508
460564455
864235592
637465360
737809784
48755071
680627227
701353543
804773511
504142462
554103951
170693001
656613680
935927211
242337887
705464477
359874465
453584739
665909355
628034347
212370227
577278049
605654395
471571752
418847158
89775967
310324478
421613520
536373931
371426128
865619885
75735343
70503365
712021824
270498489
666612591
792890560
167999964
539526558
594118012
541573670
39406202
67177637
243120367
958138996
761524272
78202959
484975930
545982502
742464789
364485412
493641948
401040683
750919220
457698261
174895630
766788110
701748931
942951250
66846004
833244607
611009439
318499153
90947156
415723726
591520611
67998797
820459465
90126488
709915940
645232676
725163254
237595031
693825655
170362421
