808652931
165396485
542228508
654873531
59761698
946151293
922075371
459978621
488037742
213841974
627376921
881910585
787698439
728744162
108256957
965017225
234570643
298846047
732790892
886769414
971668746
877149978
684164183
890266386
574049051
541529159
846825541
779683931
739557064
490717333
921378473
736641327
889984394
407103466
836452855
92506553
213099999
977936641
133860035
711253071
555661494
683600629
519351243
529214544
2036130
200459012
492888834
694243826
126721486
709488729
184910947
853972818
604880064
148037710
171960106
392550675
955440118
700216043
718172190
161751273
331977051
499335483
884294101
523192567
356462102
322572611
248598967
136738691
829133072
798450880
695020242
129630532
565529946
396117323
473464669
686375260
133720693
765677003
660267820
19589499
983930643
826499017
28442873
428842084
692524137
711320645
881585398
952765753
445328781
986934380
993116737
505693943
587140444
80044791
490650114
383928355
606799293
187644574
696979061
268567238
638366809
215036285
78808563
609599006
369274909
553561807
184606297
221179429
760953273
576223635
851602037
233019924
41057525
505060743
977343628
103607221
300192469
107450787
844868293
659653947
559085696
202523185
39168044
566318272
444504899
858641356
133113068
479413641
367880985
864810892
444224562
706333129
709065560
556707677
500513954
841121262
496732616
943906737
919884328
835294145
687533612
629324534
292659851
12675480
653470897
729163550
983959548
914719151
187338235
274245459
736537118
152013128
586281689
500677271
919675663
780554310
215869682
944569178
572768361
508374622
286190937
888102282
251555508
754307521
421600042
240869351
550244167
442213221
617236191
817412444
429578771
604285902
894814086
213859790
207690529
793795833
256404132
418083578
229623567
686181964
192682460
931726053
848103058
405589138
583695625
641649422
327395472
910704675
904079824
46839358
353528268
18928899
257781079
975721505
577228098
121193287
632060228
953591820
626187707
842749177
878594318
959498364
64786393
555776431
669466560
548625158
580294158
680326459
694509250
31867256
75261172
390919907
474412453
613923135
766911925
689192781
681161631
525598200
318176393
234199873
623811569
167674676
746737600
743030673
331438583
647753775
83169222
557260000
677867352
155127883
184824717
867180855
174957882
594760402
472999265
352418161
682863895
31363940
985809884
172022695
460577960
834486262
344374901
389450757
421598888
687156249
971457465
254097809
9129974
675459433
943525155
105033569
148326722
771151589
12924752
71399636
763445299
441243307
267933395
469149592
521862898
804878136
166843738
768206617
54224479
821009470
687258208
613428753
872015386
667799536
629684367
293064765
346451990
724208861
146093101
967118423
751190399
837266451
361171970
623265145
344734770
360694884
470979586
644239433
958393939
338481463
29192212
782302760
269294145
1572451
81481588
649531490
486876775
985359362
870439514
472073753
419250427
129149142
140535628
518266709
840888834
250653769
670105886
761862179
352923777
721808456
596683378
241083398
259110017
144634059
528865959
652379526
187403625
450134640
585127661
583843663
790224526
801556373
340043051
12590615
907016232
651595399
105240201
427847677
169957388
312388971
858521699
564968937
870334490
352602925
422490313
716069794
595890540
35793513
62319141
590911334
885794008
298250736
120383162
290704206
652424776
153130633
497450197
556798303
822866623
150406765
200031470
800628632
861813826
580015655
975973847
82588343
986101137
557996975
947933300
627543594
341830172
68976803
333964351
656407536
301396324
597405202
253825338
561514207
115853647
999946749
969382218
618103399
383476402
913795458
492788724
4365650
111848521
198671131
498379630
183489873
58437592
319799818
546797154
571089163
843306787
79716278
839674531
507741264
287184823
91040667
289967835
838016883
330713079
566815307
811314767
505481364
481697836
122535171
385911874
892285132
524718082
396463962
24437811
895286195
379429932
555262664
182389554
537811238
489652553
423147681
413128148
281750616
360769683
437607141
328610972
707467035
458591673
193226574
24984045
204960938
18607120
194802237
179162762
465496929
694571213
319441278
1056581
182910088
364688959
353934119
158629168
175216214
899746419
150873657
56992876
349703958
72113880
669249174
927155932
741285125
844473362
86192366
3834885
910136149
316394263
37811609
204741921
605588905
509808362
933086077
111758943
562663265
755622140
551556285
935295789
423831274
85091668
603537376
293416961
783515946
758965071
915585241
305093076
492808197
998519756
998427645
84816271
581266379
105653928
231202877
656097680
224436526
658475930
968970524
541754476
81899762
165400084
333708812
329040877
171558951
263575104
401539412
643380811
605571016
361407733
545486442
494723169
79189901
153828617
924349063
919349784
19000718
748296759
604561762
741270564
138393809
846380322
283469766
792256650
252307083
48446737
166863726
697188240
43524717
95880207
132076980
968930592
582105241
419087680
457635650
950427112
246219314
633378771
971390803
802342388
293773988
944738701
13951583
89330040
63173693
594872544
947525227
526502911
855577166
944311108
434788700
106978031
748391201
651688044
757701303
622780292
956486996
48511405
866876518
782071068
295963611
510669667
212331874
493506940
538935842
552684739
223829585
783848660
153112690
571885017
239009200
534235696
358216428
648472220
256413784
890080452
467174296
141008482
447401828
532617407
477576107
542300003
30792963
396773302
699220247
69007226
274110555
462925581
746417442
551593276
481419874
115059861
640763817
787452748
68359236
924129973
273192894
366833837
96069044
999524798
440672846
756377637
763380222
82339778
150144862
57363267
140385787
622798492
580277404
422802958
109485319
992577132
773952395
809624486
662439709
371755965
124755336
576409546
139905371
370203968
849982626
566328226
355210032
592327930
24143310
712757367
98136539
286880651
258894771
525177369
99666210
19666361
859746141
970861667
939134413
724511649
310224578
825003287
762363912
718587678
586265374
765454371
856681123
791654309
616525829
654568294
725202525
413539479
701182054
920216850
530321443
337560072
70970465
87395981
623209728
422659060
364464293
213416718
232617281
329905998
11380714
653435066
265951058
532057615
60711556
572915986
842952296
61999239
639773757
287038309
611840165
403297210
66473375
937413026
257479383
504863694
23104845
625449253
855863979
998823813
527205142
494754195
883343051
200710711
366438417
119042270
560501670
890126405
589485939
839730039
511585021
944496382
219706067
54365106
766652270
766438829
987162284
847319300
880440810
554339992
317753729
11913618
614857063
110520018
84281756
651928379
927185158
527198780
965397264
568500521
608302525
382102473
705317743
341117806
55925015
264391621
6263133
941223
320733704
553636876
845310587
642591312
143956758
190763645
732316374
661462818
917187958
799409205
174594055
850468486
30388767
19392994
895081040
318329123
584967630
697594566
598565674
621811907
995009379
458011385
905625163
997234101
281541544
716686242
856574386
692029604
985846123
988901545
986770945
576576958
297683102
915488255
459298022
537401655
489869810
719274888
326833470
435798869
367004336
719883448
169349448
723455999
274531332
339911707
114872438
138030420
502494009
538602117
685694918
647480733
476576427
213834279
715408033
458849722
62207248
35718580
470532954
26762677
716969319
654318587
347440421
579559251
884147668
666693532
120403926
361434376
511643709
609748391
171422781
193171521
960818955
666187353
609733934
526921111
206755304
645407466
291362656
591740479
127406813
620057354
454036288
579533042
434664096
938531110
22463559
119254127
77300268
772868119
222901837
475088872
321483972
941469168
970005200
504609869
180825537
56956637
106719306
42504806
514220547
721824097
566371437
595761174
748899274
686394717
455436521
90317530
98676064
549775944
351519522
385513978
384581611
232030725
812439774
339255962
593476620
416528532
30359132
294359069
306979674
982973422
742953185
735517163
495798780
526929270
193034794
117761995
7004895
582779811
262831719
907606895
640903690
630236335
152952995
853966902
492796524
460878464
392798467
165209258
205924858
824595039
122462065
579187858
368300471
493794058
554462503
645075072
196296681
549682664
925230255
797224481
946722031
671864660
511616540
94857702
44721195
820420861
412613753
422517653
814918227
661238813
933998649
872757819
662849490
38255031
458638968
459583751
958283141
121229411
742841600
967836218
486020341
223251428
156907824
976264016
645823182
190194571
884767
578987034
224180631
93762140
768246794
905062714
531244431
399148470
338418787
171816300
264238181
162261979
35869647
235679433
833609134
694290710
921905301
777841221
14042035
524301310
414763418
478117397
897007385
45431129
146243488
83201738
620084266
68786784
672804538
835331359
89676855
838695324
440679255
529864396
865636571
491797282
43967006
915864517
796435692
914135193
643874216
640926212
976907611
303763067
707504747
439530990
678155705
215280492
370661410
239884358
582959887
701884977
246755227
567646280
371724843
847258354
438250299
894948041
93210954
712083717
744977438
445073289
119965602
245276202
869357436
758381218
818966083
10063454
711628522
807372492
335620919
321826129
978210079
887262322
331688631
929484922
686293496
125007932
756562813
277037326
610118775
80238206
827678638
470263829
36561443
264458787
226644119
564562615
249097706
118088737
304713122
151776081
409240554
84576341
302712857
768763204
366679561
609223821
643892907
943456895
149287065
763670453
449223233
248610831
821610311
783097398
748992236
488472486
816282959
811783916
965095596
535759996
372912941
696295521
936665363
160188283
883707771
652271041
410254370
746180911
847392089
771084439
697106611
819461112
739150199
103382041
146895746
149804140
602068644
691043001
114918635
883965915
313991801
