1000
313991801
883965915
114918635
691043001
602068644
149804140
146895746
103382041
739150199
819461112
697106611
771084439
847392089
746180911
410254370
652271041
883707771
160188283
936665363
696295521
372912941
535759996
965095596
811783916
816282959
488472486
748992236
783097398
821610311
248610831
449223233
763670453
149287065
943456895
643892907
609223821
366679561
768763204
302712857
84576341
409240554
151776081
304713122
118088737
249097706
564562615
226644119
264458787
36561443
470263829
827678638
80238206
610118775
277037326
756562813
125007932
686293496
929484922
331688631
887262322
978210079
321826129
335620919
807372492
711628522
10063454
818966083
758381218
869357436
245276202
119965602
445073289
744977438
712083717
93210954
894948041
438250299
847258354
371724843
567646280
246755227
701884977
582959887
239884358
370661410
215280492
678155705
439530990
707504747
303763067
976907611
640926212
643874216
914135193
796435692
915864517
43967006
491797282
865636571
529864396
440679255
838695324
89676855
835331359
672804538
68786784
620084266
83201738
146243488
45431129
897007385
478117397
414763418
524301310
14042035
777841221
921905301
694290710
833609134
235679433
35869647
162261979
264238181
171816300
338418787
399148470
531244431
905062714
768246794
93762140
224180631
578987034
884767
190194571
645823182
976264016
156907824
223251428
486020341
967836218
742841600
121229411
958283141
459583751
458638968
38255031
662849490
872757819
933998649
661238813
814918227
422517653
412613753
820420861
44721195
94857702
511616540
671864660
946722031
797224481
925230255
549682664
196296681
645075072
554462503
493794058
368300471
579187858
122462065
824595039
205924858
165209258
392798467
460878464
492796524
853966902
152952995
630236335
640903690
907606895
262831719
582779811
7004895
117761995
193034794
526929270
495798780
735517163
742953185
982973422
306979674
294359069
30359132
416528532
593476620
339255962
812439774
232030725
384581611
385513978
351519522
549775944
98676064
90317530
455436521
686394717
748899274
595761174
566371437
721824097
514220547
42504806
106719306
56956637
180825537
504609869
970005200
941469168
321483972
475088872
222901837
772868119
77300268
119254127
22463559
938531110
434664096
579533042
454036288
620057354
127406813
591740479
291362656
645407466
206755304
526921111
609733934
666187353
960818955
193171521
171422781
609748391
511643709
361434376
120403926
666693532
884147668
579559251
347440421
654318587
716969319
26762677
470532954
35718580
62207248
458849722
715408033
213834279
476576427
647480733
685694918
538602117
502494009
138030420
114872438
339911707
274531332
723455999
169349448
719883448
367004336
435798869
326833470
719274888
489869810
537401655
459298022
915488255
297683102
576576958
986770945
988901545
985846123
692029604
856574386
716686242
281541544
997234101
905625163
458011385
995009379
621811907
598565674
697594566
584967630
318329123
895081040
19392994
30388767
850468486
174594055
799409205
917187958
661462818
732316374
190763645
143956758
642591312
845310587
553636876
320733704
941223
6263133
264391621
55925015
341117806
705317743
382102473
608302525
568500521
965397264
527198780
927185158
651928379
84281756
110520018
614857063
11913618
317753729
554339992
880440810
847319300
987162284
766438829
766652270
54365106
219706067
944496382
511585021
839730039
589485939
890126405
560501670
119042270
366438417
200710711
883343051
494754195
527205142
998823813
855863979
625449253
23104845
504863694
257479383
937413026
66473375
403297210
611840165
287038309
639773757
61999239
842952296
572915986
60711556
532057615
265951058
653435066
11380714
329905998
232617281
213416718
364464293
422659060
623209728
87395981
70970465
337560072
530321443
920216850
701182054
413539479
725202525
654568294
616525829
791654309
856681123
765454371
586265374
718587678
762363912
825003287
310224578
724511649
939134413
970861667
859746141
19666361
99666210
525177369
258894771
286880651
98136539
712757367
24143310
592327930
355210032
566328226
849982626
370203968
139905371
576409546
124755336
371755965
662439709
809624486
773952395
992577132
109485319
422802958
580277404
622798492
140385787
57363267
150144862
82339778
763380222
756377637
440672846
999524798
96069044
366833837
273192894
924129973
68359236
787452748
640763817
115059861
481419874
551593276
746417442
462925581
274110555
69007226
699220247
396773302
30792963
542300003
477576107
532617407
447401828
141008482
467174296
890080452
256413784
648472220
358216428
534235696
239009200
571885017
153112690
783848660
223829585
552684739
538935842
493506940
212331874
510669667
295963611
782071068
866876518
48511405
956486996
622780292
757701303
651688044
748391201
106978031
434788700
944311108
855577166
526502911
947525227
594872544
63173693
89330040
13951583
944738701
293773988
802342388
971390803
633378771
246219314
950427112
457635650
419087680
582105241
968930592
132076980
95880207
43524717
697188240
166863726
48446737
252307083
792256650
283469766
846380322
138393809
741270564
604561762
748296759
19000718
919349784
924349063
153828617
79189901
494723169
545486442
361407733
605571016
643380811
401539412
263575104
171558951
329040877
333708812
165400084
81899762
541754476
968970524
658475930
224436526
656097680
231202877
105653928
581266379
84816271
998427645
998519756
492808197
305093076
915585241
758965071
783515946
293416961
603537376
85091668
423831274
935295789
551556285
755622140
562663265
111758943
933086077
509808362
605588905
204741921
37811609
316394263
910136149
3834885
86192366
844473362
741285125
927155932
669249174
72113880
349703958
56992876
150873657
899746419
175216214
158629168
353934119
364688959
182910088
1056581
319441278
694571213
465496929
179162762
194802237
18607120
204960938
24984045
193226574
458591673
707467035
328610972
437607141
360769683
281750616
413128148
423147681
489652553
537811238
182389554
555262664
379429932
895286195
24437811
396463962
524718082
892285132
385911874
122535171
481697836
505481364
811314767
566815307
330713079
838016883
289967835
91040667
287184823
507741264
839674531
79716278
843306787
571089163
546797154
319799818
58437592
183489873
498379630
198671131
111848521
4365650
492788724
913795458
383476402
618103399
969382218
999946749
115853647
561514207
253825338
597405202
301396324
656407536
333964351
68976803
341830172
627543594
947933300
557996975
986101137
82588343
975973847
580015655
861813826
800628632
200031470
150406765
822866623
556798303
497450197
153130633
652424776
290704206
120383162
298250736
885794008
590911334
62319141
35793513
595890540
716069794
422490313
352602925
870334490
564968937
858521699
312388971
169957388
427847677
105240201
651595399
907016232
12590615
340043051
801556373
790224526
583843663
585127661
450134640
187403625
652379526
528865959
144634059
259110017
241083398
596683378
721808456
352923777
761862179
670105886
250653769
840888834
518266709
140535628
129149142
419250427
472073753
870439514
985359362
486876775
649531490
81481588
1572451
269294145
782302760
29192212
338481463
958393939
644239433
470979586
360694884
344734770
623265145
361171970
837266451
751190399
967118423
146093101
724208861
346451990
293064765
629684367
667799536
872015386
613428753
687258208
821009470
54224479
768206617
166843738
804878136
521862898
469149592
267933395
441243307
763445299
71399636
12924752
771151589
148326722
105033569
943525155
675459433
9129974
254097809
971457465
687156249
421598888
389450757
344374901
834486262
460577960
172022695
985809884
31363940
682863895
352418161
472999265
594760402
174957882
867180855
184824717
155127883
677867352
557260000
83169222
647753775
331438583
743030673
746737600
167674676
623811569
234199873
318176393
525598200
681161631
689192781
766911925
613923135
474412453
390919907
75261172
31867256
694509250
680326459
580294158
548625158
669466560
555776431
64786393
959498364
878594318
842749177
626187707
953591820
632060228
121193287
577228098
975721505
257781079
18928899
353528268
46839358
904079824
910704675
327395472
641649422
583695625
405589138
848103058
931726053
192682460
686181964
229623567
418083578
256404132
793795833
207690529
213859790
894814086
604285902
429578771
817412444
617236191
442213221
550244167
240869351
421600042
754307521
251555508
888102282
286190937
508374622
572768361
944569178
215869682
780554310
919675663
500677271
586281689
152013128
736537118
274245459
187338235
914719151
983959548
729163550
653470897
12675480
292659851
629324534
687533612
835294145
919884328
943906737
496732616
841121262
500513954
556707677
709065560
706333129
444224562
864810892
367880985
479413641
133113068
858641356
444504899
566318272
39168044
202523185
559085696
659653947
844868293
107450787
300192469
103607221
977343628
505060743
41057525
233019924
851602037
576223635
760953273
221179429
184606297
553561807
369274909
609599006
78808563
215036285
638366809
268567238
696979061
187644574
606799293
383928355
490650114
80044791
587140444
505693943
993116737
986934380
445328781
952765753
881585398
711320645
692524137
428842084
28442873
826499017
983930643
19589499
660267820
765677003
133720693
686375260
473464669
396117323
565529946
129630532
695020242
798450880
829133072
136738691
248598967
322572611
356462102
523192567
884294101
499335483
331977051
161751273
718172190
700216043
955440118
392550675
171960106
148037710
604880064
853972818
184910947
709488729
126721486
694243826
492888834
200459012
2036130
529214544
519351243
683600629
555661494
711253071
133860035
977936641
213099999
92506553
836452855
407103466
889984394
736641327
921378473
490717333
739557064
779683931
846825541
541529159
574049051
890266386
684164183
877149978
971668746
886769414
732790892
298846047
234570643
965017225
108256957
728744162
787698439
881910585
627376921
213841974
488037742
459978621
922075371
946151293
59761698
654873531
542228508
165396485
808652931
