354284034
490862452
186358832
609006272
11610714
586257000
868256361
452275002
770077236
26640103
238318319
441553050
46428047
465029452
87263306
651711209
195477960
350300621
761241624
41235101
911828514
851413555
876077342
533727606
717487575
920472167
783417037
701674269
900393545
791761016
125658581
666004900
466334944
884759684
213090077
957525604
125394290
326395344
790425447
138689837
723050437
671824106
658445839
287647568
407783708
592884683
590344893
875855961
813976375
346988700
423036021
770388439
649031589
427052269
775411700
210179471
597350257
856266270
109177042
174460890
293398053
205083687
752112018
268937111
112721662
170669334
157726104
773602546
853830801
713129447
242691554
507479430
721544213
61857270
461454964
313182126
181579947
142523770
977760846
398272903
781860261
148352854
677470025
194951940
396717675
918292123
767980843
650066563
41056662
675469333
131683557
749964854
278092247
307483988
600331229
396194869
239863593
575061330
468780044
712779834
440546432
845388562
837584584
105966517
411014129
16264441
124644153
150739665
46352940
219872410
811276223
359364505
230029433
172315431
383116066
895368640
484508121
460040013
884635801
869578030
620656713
301479655
676907626
676411628
886384491
15276520
850607348
989565297
57170433
928307838
861894273
30332737
126140880
624150117
742927374
598732019
930873835
125435827
962650846
265267602
742785653
880165236
466354008
702334569
651265807
160685622
292036986
508221819
810918834
48096087
924166789
614336159
919397462
410599289
223578672
627639268
95260715
179229842
733603247
323538688
865077426
410047233
727692108
197304582
531452440
257800875
743233095
789806384
797536844
639939957
901042811
644815892
692045131
888481409
613129769
963158151
502241502
460444957
376479832
878419305
900027073
202571382
72023856
668661157
481981336
117845132
73472375
610711307
49526341
952099541
20066787
356477034
46456108
911507933
679450743
964801569
748466329
836147900
566213360
997220938
956266141
596412019
754138162
920636969
984462882
195384675
494300875
215390997
395485056
602180650
904225807
689816103
610413466
651518471
950286936
119806030
776337072
621173092
922823572
561785389
388533573
475955871
148024996
393779466
736229095
617745636
112676538
213382232
839170972
846104524
890153937
648902925
769394507
655690760
226426939
423427265
676293522
587760569
719400707
683919934
644977655
826836144
74718837
869715676
818324234
642960614
384717944
871787334
595370949
408647026
26788584
896618484
855289541
457899094
513974489
889633394
171288485
97953538
747880888
481374763
492625970
563193301
470573894
565139840
334591728
677184121
39320734
958530209
705000430
135043884
613568451
835707618
124715324
102548583
385287667
455592366
839801924
31513439
202690997
340099126
590688524
810573275
762539854
674410387
106873627
877266999
995583117
189194383
961326670
657868404
230321262
963262162
968391582
374558600
111829063
576317834
617276388
757450800
746492767
180327683
504861263
625895336
212995830
169941212
754786386
704368185
251427364
887302751
725761720
443555140
271606114
371734161
180865627
778789239
389476073
984566648
402395386
301112751
697337706
64004789
255994407
235987705
855649746
121049588
486053606
367465557
381448216
849557995
751512895
141986990
450397235
575593128
40226368
167270666
381408905
265748915
356145149
415205820
984835789
469231067
860404796
524114312
972376061
852772193
835677525
739454642
206370834
634835240
662276489
894915477
418458040
898607753
233439435
982545201
247217622
516528053
637138868
885549413
326835461
22547251
34862503
417576131
249750721
80423816
480806228
595225942
96267926
232544699
134020859
889513022
115312867
459978209
584530654
550798633
657820586
558645700
800888960
752500007
467106437
44766647
175508392
320331428
416450660
682223125
702444795
552501500
68139602
748201042
54174273
354915076
682728135
334750877
680025062
711999003
654679721
722511163
699550591
776616260
418983011
760815214
112675769
999195584
565183988
588427514
916710019
555017652
477331251
253355082
594119355
517585007
431475986
393130695
463254212
567951945
13194800
493457809
490569506
170825162
285862186
971586949
502899327
277791163
413102319
644078044
446568711
181490049
938465346
396557231
622357645
648105050
430533514
942298319
622141286
936555209
764380388
778978282
36188581
743968278
623278339
136550187
380961246
906250615
132773474
171874717
39503504
558970949
626507287
59287563
576286986
628928183
921757546
185784742
354440196
98632531
368003527
843986426
506857054
67065832
388126625
5574889
60099068
811687373
419199353
900035535
465806355
165190275
13338090
97988430
546936466
395484704
189911246
690422048
946808458
726078949
31368841
800310310
139879086
563139862
671288399
222584985
619322991
357700462
188686329
595020622
656451058
130054251
662469907
987501676
524688676
921000468
617177414
898404330
391163610
155132326
433540194
686007179
62857886
224101951
100887636
561874950
645304885
495609260
966924982
230799317
97540261
551003398
173866901
822833788
562751177
526305607
217725844
463293077
651236796
132892348
913487162
461782203
134227121
438555952
817877145
410403800
351144902
601837706
992466994
378355760
939956139
537141861
795407250
661453482
438037335
373929567
461743326
622942221
820267215
681880695
658856692
174105779
623732685
390167309
360245137
358114164
237019061
664935740
53933105
856856122
68056443
866047184
746353363
405261928
637403011
850733278
887940805
893676802
309371095
596740496
348974581
639204519
251480888
741318178
47200516
635980623
265965165
543310899
602602111
432992242
22977568
704786262
13436395
317660741
199438655
488780769
372608889
492410119
725412814
913076030
20691259
318459735
59746632
588340855
63925938
488092156
571382793
447347981
686981926
305360792
840429962
983090263
787959667
362236505
359351814
642096317
439475448
976939028
552527858
398765095
550460218
996239660
101737379
47704141
830231988
949352562
21548397
205399649
211209308
1331144
178866670
273540412
603844083
825189878
147053532
631405646
587696420
466195921
558916241
465293538
879704555
614582472
147429547
343049636
991189853
971639236
571305621
179473506
14927924
576264871
310776029
614715221
414126779
976959697
537145112
636698082
604135723
798110893
969456128
764534779
358627137
495334635
992134841
709994378
328452396
420849662
301807
447772025
251321197
212251206
778289871
19980282
983315470
485335056
57988149
171507145
456214366
649790933
78221067
570963390
193357714
252298014
841971652
801092570
147784532
921134392
958863121
96010955
466453050
30219869
802773575
844700595
852625623
347805767
12654818
577831301
477651032
908530583
660534159
392682738
820344068
822273381
276353914
344465653
363668062
37848863
97156574
530088972
657912909
411389140
53433676
220823721
840012958
251655040
976857158
491474385
886834835
508497528
424471974
617746489
649684173
81929611
992270748
191414304
353351844
545179120
307637027
56056881
576574224
191819225
40314276
634048357
255359711
999068049
908727418
726438916
764227592
456110713
65879483
76773677
470572012
824034686
875891191
595425898
225745275
745358882
996703843
41792333
274332985
687292918
634884599
493395926
928558192
771894386
194532521
330974493
573536894
757242413
513200296
996032450
784694003
203233057
558905360
165636887
688838014
675192552
277511244
679676554
391929213
582929602
505042941
918768177
440559845
530803538
681653992
115296911
97552237
202007349
516853813
676324173
972647032
106191512
989761392
171436250
474915321
131463878
945242494
963129620
366327565
987247092
958786130
968351613
155759250
739665877
708366544
759314262
391290980
805534213
47630114
241657440
324738832
325826459
683299774
98768051
575340851
166658650
358136923
26122050
645647197
264823508
816707934
51617715
427114259
98060722
438753034
988082905
681136557
858824004
518842160
637173653
45160140
909223807
622284893
343601151
295042757
35295021
762768566
83509429
678919201
196533651
853438966
739903618
557883260
88439768
243246720
163792424
968932352
887942729
751287663
522455126
749079013
631457214
24177607
747730996
440270095
222851183
745473829
226846276
798158912
612853509
115212069
421980952
898157237
180936379
99463515
334764245
855842730
819519231
136968060
329666655
278472527
324966009
159892171
189443409
883828931
84519351
152222646
346518351
783826078
951569562
23621198
801676531
143279738
729550325
892132072
225239518
416114345
762948446
247960717
689233600
281095609
625712048
723292069
105810785
917665881
685681799
972592562
817699347
537155363
930418737
445319174
17482354
678364749
128041301
594576810
122656982
454548890
303224684
899986147
934478639
143859469
413807942
707027780
459245061
993879470
845469147
685238401
623845843
235747645
748522052
974668195
875204181
34963005
167892766
562248962
362140567
605902047
131065652
49895706
693101663
721633777
481445824
352903530
646891649
892717263
901619223
280878982
42401516
868577418
534274083
245422838
77744447
736332212
5885921
681936946
536024011
31253830
327156747
959269677
452577924
481043697
260146048
737237612
159728380
779684300
488210485
612996401
613961625
928319001
901268870
70939246
912470304
299974869
245348042
912754756
880762687
582816460
64439450
812742634
568298736
711415348
350419248
824727821
510266979
379914199
99562581
601116534
325471416
563402596
395286647
222354647
76482660
851638842
918514955
203127355
595588850
562096663
237193511
927251940
857242752
213211591
489707296
565113312
150235451
89454805
459809962
408741134
905692321
305213119
289873322
787034323
971545381
95799090
884931176
331317375
955758101
330566165
654980368
975454875
999676292
8543917
763086188
825219133
608844851
699240216
919090398
862603190
590770247
523979773
441841619
314525052
787052564
719567753
121558208
137556289
498460138
250326364
56626915
471270392
157664915
647453787
228570077
892870166
205333600
199761007
634510181
