1000
634510181
199761007
205333600
892870166
228570077
647453787
157664915
471270392
56626915
250326364
498460138
137556289
121558208
719567753
787052564
314525052
441841619
523979773
590770247
862603190
919090398
699240216
608844851
825219133
763086188
8543917
999676292
975454875
654980368
330566165
955758101
331317375
884931176
95799090
971545381
787034323
289873322
305213119
905692321
408741134
459809962
89454805
150235451
565113312
489707296
213211591
857242752
927251940
237193511
562096663
595588850
203127355
918514955
851638842
76482660
222354647
395286647
563402596
325471416
601116534
99562581
379914199
510266979
824727821
350419248
711415348
568298736
812742634
64439450
582816460
880762687
912754756
245348042
299974869
912470304
70939246
901268870
928319001
613961625
612996401
488210485
779684300
159728380
737237612
260146048
481043697
452577924
959269677
327156747
31253830
536024011
681936946
5885921
736332212
77744447
245422838
534274083
868577418
42401516
280878982
901619223
892717263
646891649
352903530
481445824
721633777
693101663
49895706
131065652
605902047
362140567
562248962
167892766
34963005
875204181
974668195
748522052
235747645
623845843
685238401
845469147
993879470
459245061
707027780
413807942
143859469
934478639
899986147
303224684
454548890
122656982
594576810
128041301
678364749
17482354
445319174
930418737
537155363
817699347
972592562
685681799
917665881
105810785
723292069
625712048
281095609
689233600
247960717
762948446
416114345
225239518
892132072
729550325
143279738
801676531
23621198
951569562
783826078
346518351
152222646
84519351
883828931
189443409
159892171
324966009
278472527
329666655
136968060
819519231
855842730
334764245
99463515
180936379
898157237
421980952
115212069
612853509
798158912
226846276
745473829
222851183
440270095
747730996
24177607
631457214
749079013
522455126
751287663
887942729
968932352
163792424
243246720
88439768
557883260
739903618
853438966
196533651
678919201
83509429
762768566
35295021
295042757
343601151
622284893
909223807
45160140
637173653
518842160
858824004
681136557
988082905
438753034
98060722
427114259
51617715
816707934
264823508
645647197
26122050
358136923
166658650
575340851
98768051
683299774
325826459
324738832
241657440
47630114
805534213
391290980
759314262
708366544
739665877
155759250
968351613
958786130
987247092
366327565
963129620
945242494
131463878
474915321
171436250
989761392
106191512
972647032
676324173
516853813
202007349
97552237
115296911
681653992
530803538
440559845
918768177
505042941
582929602
391929213
679676554
277511244
675192552
688838014
165636887
558905360
203233057
784694003
996032450
513200296
757242413
573536894
330974493
194532521
771894386
928558192
493395926
634884599
687292918
274332985
41792333
996703843
745358882
225745275
595425898
875891191
824034686
470572012
76773677
65879483
456110713
764227592
726438916
908727418
999068049
255359711
634048357
40314276
191819225
576574224
56056881
307637027
545179120
353351844
191414304
992270748
81929611
649684173
617746489
424471974
508497528
886834835
491474385
976857158
251655040
840012958
220823721
53433676
411389140
657912909
530088972
97156574
37848863
363668062
344465653
276353914
822273381
820344068
392682738
660534159
908530583
477651032
577831301
12654818
347805767
852625623
844700595
802773575
30219869
466453050
96010955
958863121
921134392
147784532
801092570
841971652
252298014
193357714
570963390
78221067
649790933
456214366
171507145
57988149
485335056
983315470
19980282
778289871
212251206
251321197
447772025
301807
420849662
328452396
709994378
992134841
495334635
358627137
764534779
969456128
798110893
604135723
636698082
537145112
976959697
414126779
614715221
310776029
576264871
14927924
179473506
571305621
971639236
991189853
343049636
147429547
614582472
879704555
465293538
558916241
466195921
587696420
631405646
147053532
825189878
603844083
273540412
178866670
1331144
211209308
205399649
21548397
949352562
830231988
47704141
101737379
996239660
550460218
398765095
552527858
976939028
439475448
642096317
359351814
362236505
787959667
983090263
840429962
305360792
686981926
447347981
571382793
488092156
63925938
588340855
59746632
318459735
20691259
913076030
725412814
492410119
372608889
488780769
199438655
317660741
13436395
704786262
22977568
432992242
602602111
543310899
265965165
635980623
47200516
741318178
251480888
639204519
348974581
596740496
309371095
893676802
887940805
850733278
637403011
405261928
746353363
866047184
68056443
856856122
53933105
664935740
237019061
358114164
360245137
390167309
623732685
174105779
658856692
681880695
820267215
622942221
461743326
373929567
438037335
661453482
795407250
537141861
939956139
378355760
992466994
601837706
351144902
410403800
817877145
438555952
134227121
461782203
913487162
132892348
651236796
463293077
217725844
526305607
562751177
822833788
173866901
551003398
97540261
230799317
966924982
495609260
645304885
561874950
100887636
224101951
62857886
686007179
433540194
155132326
391163610
898404330
617177414
921000468
524688676
987501676
662469907
130054251
656451058
595020622
188686329
357700462
619322991
222584985
671288399
563139862
139879086
800310310
31368841
726078949
946808458
690422048
189911246
395484704
546936466
97988430
13338090
165190275
465806355
900035535
419199353
811687373
60099068
5574889
388126625
67065832
506857054
843986426
368003527
98632531
354440196
185784742
921757546
628928183
576286986
59287563
626507287
558970949
39503504
171874717
132773474
906250615
380961246
136550187
623278339
743968278
36188581
778978282
764380388
936555209
622141286
942298319
430533514
648105050
622357645
396557231
938465346
181490049
446568711
644078044
413102319
277791163
502899327
971586949
285862186
170825162
490569506
493457809
13194800
567951945
463254212
393130695
431475986
517585007
594119355
253355082
477331251
555017652
916710019
588427514
565183988
999195584
112675769
760815214
418983011
776616260
699550591
722511163
654679721
711999003
680025062
334750877
682728135
354915076
54174273
748201042
68139602
552501500
702444795
682223125
416450660
320331428
175508392
44766647
467106437
752500007
800888960
558645700
657820586
550798633
584530654
459978209
115312867
889513022
134020859
232544699
96267926
595225942
480806228
80423816
249750721
417576131
34862503
22547251
326835461
885549413
637138868
516528053
247217622
982545201
233439435
898607753
418458040
894915477
662276489
634835240
206370834
739454642
835677525
852772193
972376061
524114312
860404796
469231067
984835789
415205820
356145149
265748915
381408905
167270666
40226368
575593128
450397235
141986990
751512895
849557995
381448216
367465557
486053606
121049588
855649746
235987705
255994407
64004789
697337706
301112751
402395386
984566648
389476073
778789239
180865627
371734161
271606114
443555140
725761720
887302751
251427364
704368185
754786386
169941212
212995830
625895336
504861263
180327683
746492767
757450800
617276388
576317834
111829063
374558600
968391582
963262162
230321262
657868404
961326670
189194383
995583117
877266999
106873627
674410387
762539854
810573275
590688524
340099126
202690997
31513439
839801924
455592366
385287667
102548583
124715324
835707618
613568451
135043884
705000430
958530209
39320734
677184121
334591728
565139840
470573894
563193301
492625970
481374763
747880888
97953538
171288485
889633394
513974489
457899094
855289541
896618484
26788584
408647026
595370949
871787334
384717944
642960614
818324234
869715676
74718837
826836144
644977655
683919934
719400707
587760569
676293522
423427265
226426939
655690760
769394507
648902925
890153937
846104524
839170972
213382232
112676538
617745636
736229095
393779466
148024996
475955871
388533573
561785389
922823572
621173092
776337072
119806030
950286936
651518471
610413466
689816103
904225807
602180650
395485056
215390997
494300875
195384675
984462882
920636969
754138162
596412019
956266141
997220938
566213360
836147900
748466329
964801569
679450743
911507933
46456108
356477034
20066787
952099541
49526341
610711307
73472375
117845132
481981336
668661157
72023856
202571382
900027073
878419305
376479832
460444957
502241502
963158151
613129769
888481409
692045131
644815892
901042811
639939957
797536844
789806384
743233095
257800875
531452440
197304582
727692108
410047233
865077426
323538688
733603247
179229842
95260715
627639268
223578672
410599289
919397462
614336159
924166789
48096087
810918834
508221819
292036986
160685622
651265807
702334569
466354008
880165236
742785653
265267602
962650846
125435827
930873835
598732019
742927374
624150117
126140880
30332737
861894273
928307838
57170433
989565297
850607348
15276520
886384491
676411628
676907626
301479655
620656713
869578030
884635801
460040013
484508121
895368640
383116066
172315431
230029433
359364505
811276223
219872410
46352940
150739665
124644153
16264441
411014129
105966517
837584584
845388562
440546432
712779834
468780044
575061330
239863593
396194869
600331229
307483988
278092247
749964854
131683557
675469333
41056662
650066563
767980843
918292123
396717675
194951940
677470025
148352854
781860261
398272903
977760846
142523770
181579947
313182126
461454964
61857270
721544213
507479430
242691554
713129447
853830801
773602546
157726104
170669334
112721662
268937111
752112018
205083687
293398053
174460890
109177042
856266270
597350257
210179471
775411700
427052269
649031589
770388439
423036021
346988700
813976375
875855961
590344893
592884683
407783708
287647568
658445839
671824106
723050437
138689837
790425447
326395344
125394290
957525604
213090077
884759684
466334944
666004900
125658581
791761016
900393545
701674269
783417037
920472167
717487575
533727606
876077342
851413555
911828514
41235101
761241624
350300621
195477960
651711209
87263306
465029452
46428047
441553050
238318319
26640103
770077236
452275002
868256361
586257000
11610714
609006272
186358832
490862452
354284034
