465518
6897
159548
273834
479589
100140
148110
1037732
198965
15457
981751
1174845
25085
316798
290731
1111221
608878
132907
109184
713001
690853
399035
123623
393566
941442
147570
1022063
220884
710638
431908
351226
250162
513942
515348
12928
1165413
421906
158488
396890
53453
701563
451554
152474
331259
950133
365495
704167
728068
295443
521097
792555
365102
475770
407424
149274
119082
671738
381119
282769
493674
888811
696689
584076
489363
148443
9241
985683
545479
272473
855084
275127
685402
429615
55547
239775
523898
148807
504605
1150349
166349
644188
604737
409309
169441
175339
326186
1426788
258910
334003
61158
1059468
426503
301743
725465
215216
130956
462580
348838
530971
1182664
155351
314304
166076
1220395
236545
202570
97761
281379
414784
396685
1390555
261949
160558
1080645
553066
365898
98618
476655
192127
173458
10976
1816427
114925
267995
732479
725953
84099
723571
635658
641108
3965
729610
127423
667464
737102
31277
965109
314367
571952
429884
339816
128728
916601
12420
894379
482881
520313
313963
27736
519392
46008
906260
61474
800877
996045
525456
58979
744417
317454
739085
190982
186897
790879
243200
420937
786549
49920
810213
476287
390965
510220
191429
805166
3749
752238
74245
847367
749824
298403
330915
504900
701924
444913
514849
189185
524549
280838
96410
875185
908218
217585
699862
76534
661107
16304
124488
1081694
747634
492353
25445
767369
517844
287552
290634
300707
531367
743258
94348
728606
595759
742797
254856
387975
705254
70937
134841
227618
327500
560094
1346329
300019
47030
523978
696923
742729
44705
859953
35355
1074258
271467
506462
409170
578071
577492
468348
9006
800577
138707
112985
1349468
244721
592783
107333
259875
19293
925289
849374
356841
465822
179337
479671
163931
810585
784550
355564
650193
210109
170956
923285
240475
870792
173985
800028
420266
247281
822116
271292
94215
101654
1208358
226991
115698
579774
3224
800400
954155
30817
419304
564122
11815
240865
1560904
105143
643052
901569
83880
232625
1052458
9003
459937
329165
944216
74251
16057
232716
640636
1118061
793531
214555
415436
589249
706128
374189
126566
615103
134337
393300
693647
788360
601410
326683
359653
563446
210890
750729
491338
104687
785919
222511
181998
477982
863184
79361
326145
883985
213357
484449
124842
161881
1685855
132914
99353
445813
724436
857903
459501
506021
314493
73290
275704
1232040
267282
207329
370389
183927
513804
1145240
133228
649188
370995
273580
132722
424886
736111
1022254
345541
464788
257432
4732
883090
552782
178555
311809
904469
478102
713624
423478
219580
435221
763610
383918
48772
733830
27707
228510
1065530
2216
381302
1404068
481174
492389
246416
231579
617694
565537
631333
245264
148834
884613
620941
63147
501884
524353
612695
86878
830190
509110
489383
412664
246203
298114
108684
481467
851225
422568
441601
317684
407361
852705
270956
520180
241839
2553
244355
1756073
108070
222227
1037212
559130
210392
138415
271078
130776
1215464
220640
940811
549036
77233
94060
15970
432476
517568
1572753
670916
140910
70108
773390
488665
288810
442571
27312
1469928
314261
496877
167725
934368
393766
454622
452510
425194
22568
943396
255991
634221
478137
213016
307857
260565
1005186
349301
259335
457841
784933
48223
590166
821804
172011
390244
524254
239442
688596
673885
163870
467929
364776
832929
169376
641565
15460
1020603
392095
728125
115368
219198
529574
183679
682062
1082667
314149
163356
808193
403392
440181
274629
177013
526129
914159
403936
500321
503125
395829
434642
397246
709097
165579
876893
228903
707621
431034
457183
339943
630940
490279
49619
454661
668702
110562
841101
612516
280009
449350
636483
446369
140233
524803
523977
144502
935688
385046
372077
409532
426381
788585
105191
27228
914608
713360
167765
128821
1298323
226301
366678
421909
199827
341211
708896
31048
1058096
836812
457413
410719
161547
110968
724169
910440
28303
33506
1305899
149783
218874
637158
542546
598898
274146
191973
743649
668458
486353
385314
455297
504495
178195
433475
626346
372262
188204
925020
127531
1012741
294289
433277
568542
596934
569793
50407
523514
648273
626123
31166
340803
404029
86515
355212
1446692
92468
716887
674948
190685
633789
350754
506078
300395
463349
329302
73684
850213
764694
349840
250365
341916
212551
179533
1106815
562387
23996
397527
476315
1385887
508004
280423
296549
261163
339775
28557
1068900
338841
1059647
209335
415724
735258
152686
40432
536237
513694
309149
394455
391457
1231686
716535
304744
187602
391600
638751
144268
1174166
85536
271143
592457
260197
491074
171156
1329628
495403
449035
184637
746897
57540
413161
727923
531756
63162
795514
440198
716304
216968
577247
462251
98936
418502
185311
31638
1092291
843226
366479
246218
105263
854888
11126
1048480
680690
618042
264323
76919
790294
215426
780444
7691
934783
333038
521933
239544
718736
344355
174014
1133276
474498
156615
346185
841074
390412
641464
393072
491984
184673
46614
599119
542691
443876
783033
488472
307862
763139
311676
635196
282114
225057
274181
880915
463660
391627
409362
305083
528128
750401
443064
659515
305664
172245
219726
258082
229108
1225296
479293
337124
491867
800473
622763
318950
421864
366287
359321
152410
177095
1354901
551572
86113
756274
409932
543988
395964
413054
5035
1079337
248334
704797
351159
209671
110563
344009
724935
565721
124777
403087
1368567
143879
157419
467404
146118
1375832
105097
117481
1232436
155083
168309
1065301
419269
259441
55066
873826
299896
399383
123027
476210
832397
549684
449502
722412
304143
226550
897142
105291
787061
301200
570172
221220
198201
431872
746985
59775
197258
463569
1125996
517433
527892
425992
311576
671287
808159
96947
428739
462886
94962
930260
516355
502616
301609
115855
807921
586969
703546
151478
63251
1085503
580514
13638
113115
797731
168011
608850
235723
580679
1194672
191044
631737
282438
409844
32452
653883
111288
1075270
433814
455307
136602
202091
17490
487886
1793282
42229
880390
487338
170990
557912
615478
610854
135643
604752
200132
771654
402562
110007
1045495
356154
246463
180536
992843
116143
828603
257344
720807
100847
556171
568323
404220
106356
819228
89486
398482
266922
994885
282357
128307
449392
686294
38141
78093
313375
782294
1625525
599757
70913
848845
412704
166593
216886
199210
1315475
287757
449720
488222
80633
348843
24613
1323960
8052
970703
204321
630189
44395
188709
1006575
97389
1321701
498420
61776
68163
385580
157276
1411246
288960
812097
105477
667077
443725
60885
842169
490888
611306
137846
788993
82230
577972
499575
558998
552666
284752
272204
745597
572441
634132
36223
414282
150197
1190888
440874
48260
442624
5181
238708
737161
1374578
216555
247388
584198
856966
436424
295979
450504
76842
530904
539345
460057
632333
117514
396356
69176
465726
1028145
569608
896514
385024
397203
294000
438743
763715
515637
394792
429670
574344
120442
198369
1027616
233875
198612
893336
109675
683286
484342
192502
59528
721155
432048
92650
1240662
453839
552030
83597
1013751
151613
523443
465514
321921
443073
778339
563034
421924
509668
337845
442833
279087
224381
151924
808832
787507
473481
391898
103522
1078500
488333
359566
22761
290986
1006583
252411
914776
286679
241837
40375
950645
198463
139620
568047
248077
1569606
227904
693107
95957
769809
163884
754243
43458
49655
149782
280192
196890
1162106
1016694
171097
134036
370875
518370
685084
605317
565638
1057950
107398
739140
362952
117433
937422
390594
310567
81467
987679
468082
292611
462459
101139
988943
114243
288544
1131833
305252
506338
186267
268060
34550
847087
125850
1119472
270718
271704
823179
377384
357884
411888
134827
781593
503271
379613
634978
683779
720760
264110
129133
827377
492500
531822
252615
601899
358708
605798
506411
297881
616796
259256
746908
117462
903130
399956
29938
524175
398443
830091
119032
281649
1204283
283235
454955
24353
222357
286646
22742
444563
1637190
124915
1127264
470421
164576
726474
456239
353525
371834
511447
80040
750841
396253
642578
130042
420228
421567
665541
409060
857560
464914
512201
122067
37303
543165
42718
1201267
584833
634888
32057
152685
609509
259929
597100
123453
664563
185087
344058
457036
1440605
300680
238291
674657
542736
556869
703273
101772
355010
528654
560950
533891
721838
144298
96812
752925
592348
119380
654121
668817
681247
51040
519401
228962
1097118
276683
232471
922663
257113
783530
444426
260247
254214
335534
56303
858462
676225
802818
90007
861326
239891
239350
106989
270967
446364
1267686
272642
282761
167003
153338
850034
347011
1154938
532987
28382
431764
1074814
184433
488367
477949
329632
287558
797656
70144
1149095
157072
394917
479737
444708
170816
351097
174260
551021
266396
1124100
526239
560108
607952
360278
245280
644151
215085
1017396
565753
364587
474837
1306
1017506
427285
373825
465687
270135
569139
502757
420060
682071
28434
823353
197199
768262
394242
316338
615864
445807
350383
670404
430329
358782
70579
670380
803252
377053
355524
675887
388649
589863
235094
187472
132544
614865
1082470
14240
323434
141283
891519
885100
464083
93357
891098
71306
337665
39057
973146
785022
152695
448406
604694
486596
177196
928546
201284
388591
167571
468061
230581
1336806
550661
182789
644993
4889
947648
354189
52616
571435
163813
507453
1275085
43415
212218
1113200
272585
588757
450137
319158
789607
230301
155995
759150
25133
487773
1105120
322188
532858
203904
237616
908334
601324
254244
500468
1523
46603
308426
49220
1941505
107089
422274
660660
147873
65670
1572548
468033
330182
138960
572878
772959
442872
265586
44694
754389
441802
163691
357274
296384
356724
230528
399086
262206
291144
853982
1228209
601421
866582
565319
308107
94191
983948
302482
260270
396514
212256
527804
462054
918814
172122
914516
449923
9730
723841
401174
5007
877111
80930
321445
117685
438387
1323495
394187
203012
67328
275016
770223
545062
605422
188966
739996
238008
690506
971248
327357
515395
165067
169412
191201
1234821
483860
392112
4065
596767
89233
490333
31257
1298391
673158
298149
101680
353788
372639
1824324
344122
57288
581624
68188
1030417
583590
462021
338449
175978
330623
728016
328697
641781
540381
238260
860398
84528
965369
231504
372464
44993
601249
822267
486497
391850
36267
194682
999901
441813
622188
92491
1037955
62484
173776
892438
857532
309426
123971
161765
888095
737278
593852
270055
309258
711634
182408
843916
75957
536220
108971
1042024
582755
38432
293510
227308
117358
338904
1779734
211171
423555
537159
651735
228247
135005
121111
1181811
333271
807243
150636
40716
699242
635306
498938
299819
850856
232087
512101
156701
132528
690790
813456
222472
133475
651128
518420
1169929
10075
242440
823390
356378
67620
662277
56405
1476699
165402
664299
310828
628470
115489
756096
624597
98739
145209
11835
35000
1951034
358422
334014
199088
1029049
189800
24756
703583
840528
120494
569297
803521
234582
372451
72963
700928
235533
813350
615717
410844
399716
261436
85399
41699
312713
1113089
1139767
257448
543469
818448
155736
513712
120962
909447
539462
144324
713912
484167
359485
576791
243517
265721
707879
203171
451373
278523
321740
112297
4991
1762111
639121
63023
815301
567360
570997
482058
423940
579081
345845
497099
497516
385019
261631
109683
420776
871666
18712
1198836
133876
191406
254736
750269
14701
879870
153193
735383
1015550
209199
256318
154960
229136
72044
695721
1050698
390690
808301
590895
307658
528712
338638
294500
357305
947752
804596
354657
149785
87470
835180
76640
1156083
601919
181937
434052
565969
383275
226674
998476
176855
604174
290347
348848
766924
257909
85422
717090
542054
324208
390513
941368
10100
7787
1411113
423859
215750
168234
2891
82425
1265065
122375
670176
801252
604748
498090
120312
1182489
333813
463893
42074
355597
422124
1181893
143364
501003
756631
480296
288486
354413
44005
706058
884727
59138
761364
266125
358038
623894
96317
999604
292033
426755
149272
835647
132425
401852
674094
209706
536500
134633
243036
370532
1190920
1007317
461929
239713
287294
73425
593762
416207
16988
529026
261410
769257
1141777
67130
287706
584338
116225
155123
964303
1376593
11046
85279
1287024
18996
786566
623086
456789
9233
348966
507945
149296
1282664
330817
625467
49561
121287
151892
316297
1732398
132585
559902
16850
506467
837889
231157
487752
281189
89983
1332047
89991
426742
472186
160256
318477
597864
258603
303895
1253617
287205
825215
248209
698542
715605
475420
224433
638293
62556
359660
800557
2025
126840
826593
1220130
363178
501384
242229
361549
819086
465313
258336
576946
187944
771876
376819
64800
763880
515775
509845
461632
111393
468392
960186
286750
657661
42009
65636
330425
210656
1632921
385196
434309
30408
376908
1055208
610203
346674
455822
554514
177504
483293
77730
138882
306883
1035219
101072
263585
893828
17554
824012
950557
117031
310556
464112
829544
676897
149371
459886
833817
441178
30355
319149
713220
468391
181312
1081895
546322
488504
14922
946958
25018
167347
1198516
139415
549837
656174
436936
170086
800839
604979
387337
201572
177631
1075907
333204
228763
481424
251642
517726
632989
351401
256910
741980
405281
294327
491365
1066219
306386
559912
550127
157238
173286
273473
696426
706582
454061
745502
411541
153453
260421
863745
694776
102688
834664
437673
455412
220741
451873
84534
597886
905831
457411
70817
61497
608740
781675
795271
442063
569368
506863
302806
461322
369104
77137
404827
1057056
116183
568341
817583
222973
143070
303911
698447
958681
139909
43630
617842
525097
784246
510696
295484
790534
232377
594633
414972
595605
260144
611916
42860
753325
308524
86984
807117
316943
1055000
260339
29147
924827
44827
92513
134607
1647759
389518
609134
149502
683075
304
307751
651497
1054473
445870
55003
515406
868587
196224
649294
181055
364951
842475
280971
65123
516135
1013673
363974
54366
640580
131747
1110075
411369
408009
675474
230931
437329
445239
602908
327014
190552
537257
555834
392056
263512
50495
1333211
320824
591800
628475
135829
83809
570744
1085784
172063
790046
452665
208590
570463
37126
143868
597413
109501
1570690
227823
108586
408641
189269
841726
203839
390159
303567
925633
489270
634170
300087
1010144
495677
154870
59586
636179
574772
828814
385384
650292
21004
409953
848548
231780
758588
148288
557733
220036
713386
531822
36121
289045
1195538
78596
916460
224186
223348
103569
1238434
458900
599955
413389
62900
792916
548628
443201
253356
280303
365897
803451
136593
305237
1137216
271748
142891
767042
716996
402432
275109
536753
510573
370437
357769
779448
175071
30319
187519
1233307
718280
54835
734114
162233
307535
287447
288701
1035602
650369
532503
129496
889967
393834
239168
273382
147458
935699
83812
889977
421703
810578
228654
349475
300366
846995
502084
601040
80658
512849
612249
70989
283573
243728
1128856
27305
1001862
471594
508651
98609
554228
683997
81426
149064
142177
1755682
335959
459931
121566
938080
311252
132138
614801
742635
459100
362291
294872
307625
567512
54784
856251
362692
432541
703460
59801
737648
110083
610125
386511
493740
41567
14408
1997062
460183
387820
405536
381930
556
910878
220138
404311
945973
233197
731424
462825
148422
503563
64361
1216026
10072
133072
843365
492703
262938
894772
126879
775318
332217
364597
844372
267233
430035
342328
298288
658489
855065
276127
380633
311684
12770
1339005
425213
507201
355261
37428
48310
1007987
732953
391348
252433
455482
702812
108037
359849
840739
667603
433929
395135
224250
821367
493134
297731
512658
281825
767134
95169
96206
1061634
668922
50345
348187
253651
262193
644650
525751
173447
328338
883951
234423
219495
441955
304962
1767466
370519
550553
371608
38163
909924
296059
113690
95229
147224
14939
960424
818849
1351028
290633
466331
489730
270496
169949
1177816
148801
678595
262481
122212
969187
573221
394183
167817
804254
17921
441246
298157
352019
29831
1234975
119850
112798
1471124
653945
258765
76864
990798
518525
384435
412011
117666
441378
242738
117512
871544
124712
1007801
700521
272734
38480
94101
1018951
182592
1077841
86069
1229945
348860
364415
453922
239551
834529
341555
676194
283098
56696
363101
275398
1183379
161245
356178
933299
424548
358754
368436
196343
615767
427035
660466
130065
30514
256990
16641
1450683
602138
954287
591075
462283
188512
704037
105349
337182
866100
253982
215827
309707
758581
275664
614695
76536
380795
958094
263142
776005
525156
324037
656769
35676
1140890
349507
416138
87123
344430
935064
316719
597454
665520
315353
120873
831251
249622
561821
64755
27854
741727
1258164
456931
380136
386221
108540
790111
336551
219775
366644
165479
1313179
489692
111788
561189
554904
351310
11461
1162812
170613
283732
968131
9709
468896
577498
851826
181390
248087
772290
383252
325184
374268
613302
816361
252896
723449
201729
91954
1100673
481035
525648
102351
473926
724514
423143
324176
615598
549594
400730
91565
707277
682784
161835
396092
79161
999434
470023
123320
166757
1135743
569782
306717
121
373315
381585
870394
948487
53130
821093
163686
41641
2718
1340232
229572
620643
754953
37344
32830
1351076
383852
79405
512425
1066918
58841
801519
519037
145979
801846
52656
241753
7455
583889
273870
1380754
408855
508844
291267
308235
738676
208450
841901
414569
339295
628970
176432
596061
82944
572288
135830
389906
777378
243127
1127006
706398
34127
563140
652976
315353
152624
536688
791572
144946
898999
218521
508257
253924
372234
948896
396596
558672
305962
231452
834581
475158
418429
695739
256823
637677
299228
393264
672326
351429
364363
38840
31860
714491
1300209
30239
304486
1060365
310388
396598
184295
697656
169992
574409
737509
331454
490952
459238
752379
526779
254446
43881
636302
379128
923862
412760
384084
281474
158755
775046
304030
598776
671251
650317
28078
391763
115462
1361666
438723
449534
396253
342514
337914
548739
248674
140209
937831
485694
820384
104164
39685
559603
492974
232485
21823
570657
463219
819014
236028
569244
1082971
151699
437411
1053071
1870
514560
904976
289035
687858
465205
9883
624409
87024
160027
834870
1076576
374528
313191
425357
791696
237252
409357
271054
934379
306237
163154
910640
486834
450407
433114
496728
362375
255474
314418
127500
1163799
312478
633601
597239
25465
426167
936790
322514
584736
458218
167349
198521
470485
28907
975373
705187
546892
141393
42911
576681
362776
1325902
464366
334455
182607
104427
1083488
371611
597569
215687
42258
334372
554270
941860
121881
39331
1134433
9996
623950
712692
263349
1181947
206916
70729
933409
677089
400495
488850
58537
346323
563694
482877
680366
435520
497095
272310
647628
64548
434761
951817
86775
63299
473286
378815
458583
683874
649674
1106881
57970
125239
1349
1254476
356553
785143
94717
742002
792454
244508
650473
1952
156675
170057
817013
112416
1369319
536175
67636
448531
255324
573925
1045553
275704
67061
942812
366389
550888
603641
168522
187964
938203
205670
900911
402335
492979
194189
181700
216702
267031
676883
605013
387708
730793
555930
487791
690170
670608
54295
367247
622797
28138
26825
1645109
494799
25220
773842
291294
667842
1801
311491
526848
754161
664571
208820
84571
1284701
142578
579346
16097
189763
877111
173443
913616
678683
533057
170243
554643
52805
1027390
122103
866166
228250
295123
700353
294852
842779
340757
474789
9869
443788
549799
425905
305494
74280
416802
779782
751442
292573
205594
1239918
406686
199109
49920
605069
1257847
522906
57264
790600
425909
459078
99863
686375
580088
286038
521000
471187
547924
58429
337974
912670
591942
149949
690898
419194
350946
96823
354023
809914
430368
3133
1512139
324041
67852
810950
484829
127049
242200
151975
1087198
653249
426005
469949
328942
484259
358958
763673
450162
450123
424888
551285
389991
546335
311898
315896
585655
557701
643499
532790
336076
111271
885955
268398
417034
315852
815234
526839
307632
392692
600445
103119
592697
426090
522644
196034
1118125
464588
258783
488483
521481
362347
640072
499503
65507
187240
598039
277850
889942
122683
307240
886911
233018
1002560
330409
176088
819845
394901
100758
334793
1145166
121554
292651
226255
438404
593903
918953
672941
544119
227296
315424
203600
683537
560009
664932
14457
1023343
185224
710338
87754
308598
710470
725985
400717
158681
437962
630518
306127
23043
1146886
508592
487670
126532
858883
246385
475332
792906
115901
660087
438922
271451
604851
154872
658271
93836
1014741
216105
800841
274717
636282
529121
415754
243517
790006
315444
381958
151141
415904
542016
245024
694656
672868
126927
946745
166262
293065
124755
647797
222652
712679
888691
486945
568855
348637
143616
239833
931401
435282
284181
350163
1065506
143769
362119
380452
465190
547446
677336
437363
863565
232959
156715
426061
726847
312438
274165
405395
572220
396214
41390
379318
1549912
423351
485295
374848
286054
223947
976826
377005
196179
139407
1142313
323903
196589
812260
685935
218164
201684
724401
87571
282569
63679
1079665
791720
65231
973519
203314
266684
714605
314365
948919
178750
743958
111320
19448
1257741
403721
446108
365453
699796
400788
213601
777269
319321
335772
378012
545628
479327
442374
31912
1029887
200666
189208
550336
254467
224472
784527
656551
77233
1010431
359903
549001
724880
356000
38635
789131
66049
1162027
183064
561551
82897
474493
382884
977256
277409
517460
626401
228006
616229
463557
696638
271103
708053
347740
427663
27720
570084
305794
259203
574958
270792
34996
254371
66023
156925
100692
1738376
286531
1381383
1055694
480757
521064
4958
297386
92856
1420140
357977
13921
926977
278318
253781
718482
276036
316280
949941
68927
27110
296293
913370
256504
838602
689747
370054
399449
653015
506319
496081
681300
325074
389173
242305
658806
217789
289851
196113
622235
796055
554115
193736
522846
64578
1017067
328505
898220
121506
81381
229427
995014
36805
778203
610873
202561
1227846
471973
476874
133250
667914
439709
625291
73313
754488
554438
143181
585716
615248
497455
223528
96199
268045
952083
166546
1033584
537797
413145
122545
703695
288559
468352
59571
440717
57520
1545901
334960
185251
476483
652719
38652
376839
1028164
297862
794780
74270
824119
175731
266767
454444
494540
503253
418606
765370
124687
1019641
484737
14156
186685
407923
518304
261506
662340
455342
1136253
170400
690960
202106
824944
298943
634810
534013
343171
100666
933152
140776
94486
983243
265535
363436
527429
322979
15471
1024851
141351
314154
727262
241669
32736
137197
609855
1467962
243738
693453
81669
640384
79434
491479
1011396
299807
1147044
443294
386814
10006
81059
689764
1202655
387907
512491
13489
462013
280190
338955
246130
979041
164676
860034
827972
59114
448919
155802
117785
551287
640606
810693
488915
848009
102627
204504
1261478
196255
594573
514769
251298
787926
422532
165301
376109
274192
456967
447140
448693
4295
847098
514948
183004
406769
22112
757075
1454754
454515
272799
833799
374842
369795
166002
88686
444763
409967
591714
878675
67496
87573
164698
1634665
48541
1080437
146037
692645
727981
363392
287350
581897
153299
641948
313013
153862
1226803
26416
431166
625730
30497
226734
1106222
315141
738212
518524
588509
98327
328136
481955
679877
301707
630140
406994
448518
772938
217425
7089
1232289
151585
583607
370981
655547
343931
128332
261204
873249
112659
1095750
278690
716985
215398
268235
122565
1094852
614982
10785
868729
128427
417365
600541
417819
471335
92197
1132399
544797
215035
720195
97319
510907
660868
392993
251787
474088
740563
332945
103457
22796
1474433
346906
437373
240759
434392
245947
727186
761825
71527
228489
366616
757438
180168
69703
239520
143191
319232
1380470
778320
23286
401926
1517649
37406
397157
498577
983779
461438
383396
470782
258036
378820
495799
804119
289506
83551
839112
402690
507981
745168
465591
427309
131561
340326
198457
978133
688612
233925
494459
425222
68619
270340
1335563
232862
260863
158480
244181
121030
1144531
1072982
459114
175220
27623
1134498
388490
357890
737361
502119
121657
376449
79680
26130
955696
1254032
224994
187028
680440
184292
149214
431807
603885
590511
904668
433224
214217
167668
393869
293608
1495487
40931
1369
331641
900541
313637
696081
980326
300750
353631
652797
255318
153290
971589
363755
3527
429380
20582
65551
1440721
899973
487361
465769
194132
593885
707343
283501
75361
125466
43748
1683633
219585
481246
357371
67750
855625
428478
642581
323956
658686
725547
461995
234934
195924
950754
302541
456398
543068
355067
676451
357183
6189
890895
81397
1025539
81758
264355
170241
536206
820737
436536
428294
779128
508209
630720
318091
388902
379686
93122
322230
508777
1195538
60953
27683
226511
225151
560248
1375206
69992
661541
219754
351574
534467
17306
1632468
26834
86168
124532
972635
12514
1584765
119610
313201
751292
245203
261402
904782
146865
926609
503853
278568
761602
279769
292546
845736
284340
12075
340715
524393
450127
317636
52536
117942
397975
1283723
447829
1319615
39205
178960
49295
31071
1613279
392574
741124
251971
28015
84404
172113
1097212
957462
578482
533448
221820
1026867
332583
118390
374765
672076
17360
315746
1331809
268543
113647
887215
40652
575799
439984
864065
63259
170012
162516
432733
793552
746764
291822
538046
463403
69241
336876
798716
587571
471404
792696
860961
223062
573077
416425
410055
572656
336492
395665
791388
264160
299460
850865
474644
8027
357254
727764
39851
196829
700482
163831
496188
993966
651013
734734
347527
305723
671264
39816
90303
828703
430621
506835
334165
756601
621363
176556
544288
356262
378322
96237
1280395
424638
663729
361846
597263
9101
921287
432055
198703
267278
954370
434231
218735
519959
178838
704411
758217
218278
63720
374367
134062
826029
868664
122630
59410
1175308
720683
409372
274019
587514
529741
594146
347504
540496
423276
341922
306570
809736
228340
332710
806626
554936
7562
866928
204301
717760
250064
265352
870869
403384
510865
375238
167420
303040
689462
558631
146747
1079582
409742
248564
423449
649411
555139
352556
188749
342225
634056
568208
700588
319356
455535
137079
107511
603512
753292
399232
944364
347129
134814
304327
198308
875908
26608
1063250
232771
4783
1436764
186317
356698
950979
195098
753090
147579
198747
501007
239558
69828
517496
223917
240407
286667
1320004
824700
578299
861327
258854
24934
80282
92429
1070100
513488
887833
416868
256935
391978
854617
56597
1035849
151096
694425
459948
233791
139606
917124
365785
235595
372303
689134
32263
216191
741417
233937
452081
850648
862901
12537
1259983
262294
464634
696220
358812
360039
287798
443670
506365
189813
259300
777856
96743
1192472
192731
223202
745181
870287
165391
455741
600381
376408
323234
932483
181574
437307
481728
638410
201191
150761
762688
836813
255768
266231
369014
375477
887724
30761
321872
756882
94660
85733
1081588
827549
473504
420038
441955
317266
556840
194634
862503
192919
798686
183544
368437
594838
844855
511565
348148
46161
174583
585134
1045995
546292
504587
29136
593591
678060
204005
302929
674813
549562
344506
188668
588285
354298
936820
438662
244985
149857
950483
673503
99772
629484
672298
85044
296515
695161
231897
337653
718053
191887
818947
779312
360285
205709
793711
451454
577168
390139
409623
292746
396476
292834
68269
235565
278963
1271975
280786
539317
271287
619153
935131
646717
461402
145775
727093
370756
645993
258414
342654
791242
512116
57867
237651
672549
603317
129001
815460
569483
57772
403116
877825
683981
367292
557985
61485
374417
282810
61965
1052119
422023
142324
448231
853779
314718
633980
436062
233755
1174401
152103
674790
65138
643938
331675
79814
262527
215433
384819
927646
1317821
287152
635352
586909
260917
255599
83988
749410
425082
691819
132608
882566
76354
460837
471391
590583
77736
668338
918363
663916
470942
265340
509007
344442
340984
507578
776230
395211
49480
984383
405208
389878
229539
474065
589760
393112
503578
451960
487537
568853
101320
14365
404104
1347235
68925
718606
327331
581572
145329
58395
71172
1158286
1204021
67281
624673
647686
557805
259018
46779
33328
996419
461001
31341
45624
549907
1656650
469096
530231
215267
620452
65789
399071
655784
367912
312796
754106
739165
543500
140109
565050
173027
158871
975647
281650
707151
187555
113414
851326
438592
983836
442551
10009
473221
502909
425022
571451
596458
595232
50102
154738
1469
378714
1532878
193516
147920
521403
1232599
92434
850187
528964
131038
469533
195906
37190
263085
396438
1198747
526785
276565
808982
608633
245981
947607
292594
328750
108154
189850
450248
435873
696282
1019182
42712
1029102
474191
188429
183200
788615
297588
620898
165431
1079818
89157
689642
120726
964968
403439
313111
365953
761288
173580
141512
241596
1146596
560271
60054
216942
53642
140162
774856
280430
363824
1733894
638929
412903
29868
368343
53119
754958
10008
1096062
697492
100955
67515
8361
1284512
996541
173936
879595
315105
596274
477524
27336
427933
930059
48245
863729
271248
239192
475036
571314
506204
641628
400374
248419
361961
993107
168340
762380
121356
703304
349028
494186
92333
167413
954850
345772
684047
230368
891922
144729
104951
499005
690964
9028
446524
843184
16981
1241328
745174
384125
93377
777075
214905
894738
345000
216285
757389
387962
75688
171077
1062332
228585
7836
1403084
387516
325909
263922
186760
928746
199217
295382
396898
925273
547638
343714
759058
33725
568149
368940
31084
1163528
184416
670983
448736
655094
333160
176943
138705
1309697
404196
65089
393394
649633
655047
520432
194928
151160
726374
758961
17414
922492
94711
368873
828766
473005
621083
125246
175465
946427
337445
25963
845052
14443
261995
534645
1145908
218880
204487
776395
947445
220202
614697
570923
357149
406285
441442
417264
332759
242730
254004
120794
268624
1826130
452105
186012
403851
634879
593297
308623
620660
290584
89164
853044
26803
475564
109809
714889
1087075
283466
135152
946884
614318
151271
474133
494664
434142
166696
1046714
461977
300856
83650
903362
203620
850358
262208
619256
510356
441617
269969
444403
313094
799268
52252
960721
168199
167743
135243
1075573
436968
3058
862582
769357
538528
145921
418504
72069
732238
778565
680432
40306
333969
819414
256441
728602
100969
658861
702336
224983
230247
291589
196512
1384061
528302
117210
321861
447134
416635
348624
670504
851115
325541
663411
412038
92701
78920
951673
488791
422745
583081
34998
35181
831795
859637
37483
825008
155380
464468
1055281
111859
596472
468341
66825
906071
649341
499341
187315
651744
244458
406545
566764
193200
105626
144159
1508813
490144
701258
365719
497655
479015
299432
271281
863057
442611
76203
166504
267740
562211
888860
155000
593805
341609
783503
701249
312193
811394
357929
228982
240339
205899
171063
549976
1276151
86793
891981
642550
405338
487302
88327
446744
524118
136871
75339
361677
484433
1254069
37286
752771
156683
853357
563733
508141
436893
508419
678674
409640
105862
522561
786470
586354
318588
129131
909559
534600
33354
620952
739356
430653
388044
15354
828077
17411
832529
28386
1177374
84929
618960
92851
1042716
35884
84987
239140
1261739
276672
763932
209141
552668
454122
411075
191231
731978
360367
576472
860009
475767
208418
28780
1030280
81230
150881
789906
860629
458537
328148
267818
616682
237380
942070
443731
352770
413495
522098
160737
559168
114779
1023115
222369
159822
344480
5132
1340347
131197
935539
94437
459467
375868
627828
783850
622634
560767
401617
111314
403891
845998
409605
277049
56753
1031201
450708
60589
1055041
353164
157843
732461
181370
334038
93105
851427
1050107
339024
455729
256659
617102
630369
446088
132578
666059
396821
604607
411588
381835
488300
468884
389107
273565
945002
151133
450651
831129
155326
70558
903678
303159
226304
291183
202143
1210888
453714
449771
497693
15686
1129008
426779
494221
204398
192753
1068783
373677
484657
535419
491826
438833
172629
257846
591325
755328
25496
140267
549576
737947
380098
599199
791265
622372
138345
831308
179589
127290
410399
948744
314616
606017
419919
44027
657131
474502
762416
104747
914283
48401
736327
254655
891937
272432
102061
960118
100731
324633
312378
921218
240711
751408
495949
371316
625792
339094
219759
864336
113733
382176
900843
62340
619403
267580
529120
857684
68841
118047
997301
481400
367560
630655
599533
280225
375433
796487
339977
333059
660033
288571
525192
480990
179402
79823
1073910
350943
680733
455391
497542
48630
913666
354939
517815
539749
464161
184490
707740
71946
622894
153883
444221
806938
294867
388913
551123
925703
229290
701367
415392
283323
217111
621720
76007
294106
839048
467502
740120
433136
750623
466445
477207
414139
132178
182690
1040663
76814
814350
111699
283124
479270
144543
63529
328165
170812
1991446
18599
928572
297030
7397
748455
958101
60539
742902
620866
256568
415554
516747
230841
477854
1000248
304768
436623
263864
154214
510882
490687
196143
1347270
459933
226175
737030
152420
240952
385674
98867
582530
185799
82278
1290769
401520
309964
221827
664834
717726
1006031
64343
374852
147248
375427
1030167
806554
59547
1016347
292052
572594
230118
188512
641476
420818
764652
163361
241849
660987
234387
572369
1097147
427784
146188
403576
193987
225187
1263335
7696
537210
486231
262373
1177078
25423
518711
351389
954739
60478
649841
297964
187129
496314
140095
63209
814124
151988
1247637
830939
597484
524588
439338
194494
106627
269199
944157
30671
631758
148550
904311
219944
898152
88665
219555
797227
830180
498109
694532
34893
340972
211975
250008
1204185
149899
51605
770364
187094
766122
1151467
244463
592430
239623
668711
175680
112925
362816
1218748
253137
549951
309595
560287
136730
27399
425792
582746
320901
1126016
677206
420311
410248
528428
634086
95607
411930
302970
796661
808943
502622
84037
771861
6837
392346
134899
1049610
11944
784179
28320
1160878
331195
21862
1008937
107750
488491
156092
93128
1212579
595335
620977
187279
715717
697205
325752
628078
59123
465402
340152
300583
12003
240822
227354
766528
298638
1408622
245717
689275
52107
991022
93702
937678
408769
784072
412521
276191
242875
169148
664023
841535
299560
838457
2590
570499
142567
87399
928812
794392
147969
804352
704300
53793
670057
172237
316101
1171959
236064
225244
562345
623310
1236
995010
518951
500595
399871
591911
490844
214110
593107
20191
591054
109847
389532
1325470
303550
44324
991255
362602
489193
333894
141266
425587
628767
156057
764888
706327
679402
400397
5445
542111
214031
461341
463221
138713
715010
1089761
547631
10989
552931
599631
53770
603672
604436
18182
512584
1223034
576949
432126
285924
112052
402562
400331
969793
89227
432418
748183
470601
656268
42415
924328
261398
760459
391664
510444
210929
12312
1065799
32165
475076
827593
281212
698612
232699
356317
621684
313211
427953
602479
690153
484547
287416
255098
65312
574684
708782
291830
141274
751324
893721
192814
847903
159264
540102
844505
316989
489574
451644
195114
591239
162816
698779
148735
654777
379458
1042857
57823
205336
836453
119899
374450
1195569
251546
603006
603126
354776
266286
21854
43965
100788
1050807
600234
630293
18630
1607301
193938
529833
469359
362476
756828
467976
262698
620970
453120
194640
69285
286116
1164204
214910
18829
719888
661963
43186
465008
208505
1148290
477681
549884
72202
427115
106394
1201696
770565
100280
369274
358311
247335
1212600
572405
339074
244176
549860
673203
75980
41958
253313
958924
256507
125745
1537591
447855
224584
765371
372336
409481
410056
610562
433958
545927
177771
14191
529649
168130
717480
77439
301242
908675
299381
442776
19760
1843886
438415
329891
677773
373084
257960
279142
239637
353801
1182897
300895
551309
664662
507377
321679
234069
671078
534907
18844
562151
317396
943984
78787
61356
453767
937866
837589
578427
41629
219221
371309
862425
619957
582577
140486
660163
588158
442556
368564
137370
427277
619216
19856
169195
957010
1188427
295322
368893
617106
486897
309325
12620
26881
445376
1348135
364592
626464
295134
724500
287026
622583
209191
383565
521402
503892
459278
665797
64810
55101
1283461
638431
107615
548227
546694
672445
222161
335570
104795
203904
644954
1139998
75264
830873
497507
244288
487434
582076
320806
800145
474685
312451
498574
216541
69776
1219013
351326
618050
465680
410425
35817
385063
963099
440371
275787
625823
22417
65537
1417451
210273
312522
575388
65334
713182
165670
936723
390998
338808
393076
188531
646682
282494
1023881
311156
344488
878424
420182
494467
473410
122534
227660
490448
861954
271204
387432
487959
924325
146126
640513
174676
293246
1151362
370914
437939
297107
7648
1223440
147654
136639
945033
84778
498015
847425
14800
849681
409611
707576
331591
386238
66925
968247
135021
239685
665902
235994
25158
173092
1400511
861501
317832
283694
87005
1283330
257200
391871
307076
210924
70483
1547140
201134
228872
997182
88004
456790
687678
14621
22477
703360
485644
539959
281120
848651
599344
445570
548887
766744
446672
159606
445166
413884
171411
730619
423882
121461
4906
455911
954871
865770
201267
1027962
150853
818867
437778
132440
53985
1058500
290981
657035
409932
348281
1021
28771
735720
1136958
213628
611218
871270
247275
203933
24493
792837
563412
586237
664671
636305
205552
671197
227406
713119
395889
173352
585082
251410
374650
289039
1147968
490850
516316
88760
699542
698940
261442
520116
238698
204987
783683
213286
919600
51278
438306
399495
597170
810238
165735
324999
516332
785412
221286
555509
579067
672837
360535
494384
273961
437127
355328
525280
265984
449780
178639
1338331
484433
254554
75666
901445
162266
734894
348942
751147
294453
177820
313532
752521
397559
456541
303257
760887
751325
339168
266168
121468
588340
266291
396512
61687
858942
866741
29179
817592
992647
304288
23192
78799
742886
1152585
24346
717223
545765
294827
387781
397438
569605
580177
545095
177719
299624
1031140
67581
883649
237601
276509
475335
178727
940560
555929
188647
466379
400753
520566
454622
435301
335020
569584
569270
592117
83305
833801
493068
170847
320303
237635
185110
1529451
208350
752706
487263
356725
463237
33257
355967
908628
409442
706893
402755
127893
296383
494213
449057
675201
477310
311098
80908
56512
382428
843770
498402
901356
311331
358735
1080035
96884
983306
400189
221896
914041
133043
529827
550878
584295
186117
481046
430205
286546
697045
652999
79125
600651
72289
138206
433424
1189474
429684
67745
570126
521674
354416
657218
1020096
235931
516916
633770
260582
348434
323728
835985
360354
425097
750393
426466
45266
512328
703477
41538
138232
676727
1128933
513562
233891
70686
745462
207397
799299
390173
163451
417502
347248
339582
1115519
746026
106395
341341
574480
77337
478831
931380
292117
914208
432022
360115
359466
193879
154837
576753
1162983
84977
362788
237320
391944
209209
195795
403714
1647385
560034
316146
652037
314057
694254
140616
72491
879532
173118
590153
349366
277556
108240
1460388
64548
454903
707520
191090
77029
431820
889827
771810
585908
42956
224035
139008
1020280
819447
98869
722401
208499
479423
425329
347837
941483
471194
241337
313827
459056
756671
472254
149487
656656
83324
844211
111171
231570
1284461
160542
916332
548234
170196
638584
369339
170700
619315
167779
956953
47584
692738
160474
1021623
232097
196050
305382
197552
993866
276293
464930
116184
1008423
9258
314437
89222
61798
719969
2126032
61885
93883
30246
1499516
518349
95093
285846
93007
1104645
155714
318767
31558
1328940
33242
749746
738294
467303
400025
349074
215340
1193985
23157
477285
107966
51365
242082
447237
1393657
161050
804983
78685
1072260
599484
530226
440783
44674
690730
396322
90795
69404
1176461
675059
249974
696065
238758
367897
648222
209598
548153
589651
161607
973644
330835
548002
221221
249153
450136
390239
32722
1426116
386048
527227
690502
344755
527291
209683
362633
653729
60906
408471
1199765
39383
812637
63399
648828
746747
200538
571936
349606
731693
462905
418143
511491
150314
836620
221527
19243
581691
137577
770877
79083
713928
1182319
416995
211801
106303
1001686
177932
58950
3131
761831
740721
76350
879328
276312
203916
1593479
244836
381294
219566
72924
1096227
175073
609518
814998
554641
508482
13676
621525
404050
467749
318700
391582
490579
179710
1270472
270380
223417
716545
155605
976047
301948
275469
561462
458633
643057
125589
745372
237299
768779
346500
120663
617967
285921
276527
709895
76831
1347044
305079
7408
243271
1204477
524767
332947
636894
153617
230863
761541
719081
150112
467421
738390
268108
457583
47407
1040298
45220
334878
709437
38665
359470
894547
171228
289761
943209
494023
667756
521254
485040
208577
523046
31003
710720
122004
1412595
462733
3688
50962
785542
162946
279388
1183213
137953
645355
219642
160032
1349907
180668
676069
470276
449742
662586
282910
480532
380323
371852
723930
344603
87165
934586
43449
939100
255505
164924
365067
737149
273368
276799
1138167
108860
312763
857351
350486
489091
182966
759509
689005
60675
778358
535457
310925
51420
1130699
150352
727743
34490
588366
36379
1283625
231348
133438
278845
67029
1269117
383931
330737
737218
37844
1006161
54184
543289
383544
775734
217124
280357
324795
1218925
17414
542048
75538
856342
606353
677719
245128
580470
126809
219986
533897
473831
328412
367632
916166
994042
312250
516209
114270
698735
253169
251150
708109
347012
649737
168396
1063548
8783
362204
462123
991140
298254
55915
863977
658608
195148
156356
808411
783359
177188
590053
475424
602603
346175
293196
636249
487469
65854
530309
761744
322364
145537
319178
89724
330512
1100996
1060482
231182
43102
418466
711715
530904
86040
466045
427545
174367
1203857
171357
747194
778304
230292
683779
442061
411456
339683
517790
329906
451662
595109
510588
456910
376281
720302
215207
185352
793513
600906
191534
836557
531578
406502
131439
637865
434367
599294
200404
493051
651204
174371
629813
157691
115011
362206
97001
1865728
78896
828358
250179
540806
327580
152117
715743
501803
63788
58820
415973
1073972
70502
542078
78244
1614384
568502
465897
425402
223718
700477
529238
119389
545652
213501
468249
785415
531790
580804
8145
770203
495771
22745
866990
625788
169485
440803
545336
185325
905307
238954
515373
79939
922065
86745
364764
1056167
534783
14660
21478
732974
168722
401192
1395615
519878
301449
416826
390
1084415
5044
465123
599573
323332
907631
524622
27287
564144
106920
835889
800288
257177
379726
382580
333315
548269
852841
539775
340420
348252
714473
126833
553658
28600
961503
31319
241219
601516
40678
1124565
217450
478405
449887
913275
646622
246662
754116
503574
92941
457427
351768
370072
616400
545757
784534
147886
190714
468899
82917
386806
170952
936628
83519
421685
1407169
136420
27092
550043
125933
679913
836495
195665
978790
1047878
164323
284211
782046
383309
19597
29162
779578
905105
103106
136503
775496
166786
1026357
692761
645226
261221
193993
876355
399601
391265
671701
210131
196408
43357
1460733
262425
357930
97598
584761
499666
401086
635326
241313
139623
1280522
641031
494121
327890
106442
414414
855625
180449
766061
254591
155762
551630
715516
648113
233438
644390
539927
171013
371561
412241
392421
876541
533624
469641
368446
611796
537383
453292
459234
150203
323812
782925
594014
405410
313745
293892
207902
377440
76740
1312181
39116
191073
1083161
462543
418248
602065
720934
141503
879317
70630
517888
755291
262375
216212
899117
314850
427217
93999
62884
583528
652201
57342
404535
402487
1493111
436133
220290
681615
479304
6832
906773
113118
10819
355417
1443336
529965
498694
117380
326502
1071732
482260
114961
520187
662391
202800
315134
984418
347181
571688
389206
286681
38220
608125
583782
289491
650125
652527
28762
54046
276420
1229728
395443
31391
1111247
787898
56230
511121
551161
807442
127959
761502
451200
44213
818109
98145
910824
167367
500862
65082
159560
225501
382269
1008099
946873
635432
284742
300038
76559
1061224
120128
897309
478707
622756
437791
211802
276235
186033
476576
383528
1169450
471329
440700
140682
919879
432086
332612
597752
297051
77965
1075770
22051
929826
377998
535948
178436
458465
629584
236748
431230
801326
51599
481056
334243
395766
360183
681532
146744
1174546
140351
884290
219998
623881
69106
780883
48606
931548
113623
915872
193998
454489
581558
439684
583803
39032
422533
301148
191200
1376062
261462
725038
307107
99812
729663
291485
136844
455887
644450
493397
748404
618210
647687
65627
426154
861721
64151
188458
856733
485869
152948
165114
579358
1095922
84741
719162
25847
1075646
321347
361412
332292
345200
816213
409072
81008
832818
441174
839894
223644
655446
424315
313540
733740
477233
62599
264212
291247
549567
432535
246187
62798
425797
1037854
1210091
420158
312567
707290
365714
170526
27529
741855
622431
768148
82459
418644
461721
634278
493491
158743
915733
696663
31381
484003
593777
609873
424924
522440
263624
388608
326221
819176
314590
597703
376026
559812
318982
453994
782237
306435
590361
19379
338186
876933
732785
36609
460006
514403
800123
233766
590859
37920
944257
322619
169176
580728
741000
292229
362440
214226
379520
132540
1001101
444834
73014
250349
1501571
326580
11079
1008819
257576
400339
905115
142675
243613
244011
1263386
325061
212849
476917
136637
359259
1218639
420070
42685
544940
603214
582125
265494
730519
582935
255377
103730
202945
818836
793151
89364
455623
413280
865193
12683
775953
248775
106782
1323467
513468
417144
518743
325021
628011
21672
654308
521541
57375
241837
1089333
512286
78872
739687
153803
432773
996256
187713
156987
364212
490448
699364
37328
800349
239777
1045291
341341
595681
392245
542372
328163
574957
334822
520018
299892
189966
845134
592686
54094
293518
1226697
283319
521722
597442
255405
699209
437280
102231
280164
580843
318393
748677
21007
945370
483979
752179
530581
278550
476181
321826
422751
358476
595762
661112
607212
374589
90596
267511
377699
556900
160432
892834
616007
458794
35891
1069890
540981
25034
634891
175105
322412
243621
1334285
90596
135874
69774
178407
1514769
676168
241379
484150
106394
961376
253787
1062647
42309
809284
16987
288677
1070866
515876
260878
597282
13873
624889
381900
775941
450562
7716
581673
574006
576525
492068
276047
26554
1384116
3901
723404
639930
130070
517969
783483
378391
118734
229430
446348
1030486
373564
350767
750413
40951
147967
1071681
451434
147649
763600
185140
571202
544497
390900
861770
240315
508050
535846
239756
74345
671413
222484
300246
494677
520607
251324
193419
1332195
702598
12065
33227
1428975
610382
186767
535693
50667
34950
1347139
182117
578803
180982
306163
288759
1262263
336866
637528
238208
20270
123904
1354415
458612
677060
414899
188998
786839
148065
720037
535883
138307
780755
396171
85176
45643
855320
17954
1233122
145742
123426
1262418
233628
83277
826420
785029
350205
213998
286676
1022345
382594
408930
136095
349840
584153
485999
462767
141410
746698
531260
319780
138452
912276
394885
57475
846677
451524
509348
65917
867934
795135
266579
62485
940515
670125
98606
27574
894391
461148
805552
516701
176067
399540
262742
193891
1036555
426002
60660
1130189
86230
325160
810826
429367
798507
438677
224301
528399
359343
76699
2670
26893
192912
819117
14394
163835
353993
1469447
238158
1613131
69453
1071085
734414
257778
626278
305369
202027
579404
229601
785356
155250
51881
131805
1372202
461176
28481
1282201
168038
6718
1001564
554181
612961
156352
741844
17323
186961
384769
677994
291410
1135597
174149
817583
562721
312016
146283
463011
177646
1194251
347145
518272
100638
143427
92514
668048
295613
165788
1832258
372740
385746
388409
397917
477989
595377
467359
510461
203891
645589
171610
860706
276290
261576
852839
575671
66284
788625
208163
123657
498835
18946
919028
1163641
277145
202967
711067
241481
920869
227618
593877
47384
116691
593015
638781
856612
537457
8927
414550
265168
1084146
580222
475288
133611
218893
906043
607147
44154
850602
108787
388781
176137
1078518
464307
186353
302976
168994
477746
389949
1137428
249597
725940
215197
587835
446930
289880
426690
940796
602617
6968
320927
216953
582321
1220628
373756
144080
566204
736669
349424
493631
127312
745884
238980
251331
438577
367033
516046
746522
573791
169471
243135
420215
981531
118324
1166178
490940
191843
111101
674594
863528
347953
116748
804787
307767
403779
14508
988924
386504
201924
861908
100746
962860
417966
239119
380961
575940
28546
412611
1267121
334490
104414
772385
433941
16937
214633
1369583
156098
609178
667614
199863
388092
726376
414221
586925
281778
539064
568228
7651
