689975
247
126668
328215
85731
1204094
927815
516272
1455814
11924
358155
427261
1605578
1192598
117618
159752
1080747
1144406
938211
628850
779446
151532
2272
610899
1990742
201203
987122
82319
442029
67222
497383
289337
2411334
746240
1187959
262408
574891
731543
562021
1102457
487623
1076578
467238
247541
240843
1176422
599512
594078
767906
131400
1908021
69013
109563
905196
1204438
771492
1116401
395837
1047612
510960
588522
660498
244331
1393284
94738
45135
1974566
648160
242812
660131
181529
521156
1463191
389979
917944
89027
1287113
169878
379289
992296
520844
1266869
679946
1074620
750708
634149
196991
1282306
743147
528851
368846
233158
398165
1359923
769280
466939
923580
101872
418384
1660818
209446
1595665
128154
983099
297014
520492
99868
1483792
985840
577285
1018047
280444
199108
1733852
193465
970921
489301
493877
1153965
834594
237451
887649
514175
214377
1391965
809283
654790
137225
794797
518557
1220199
332193
1283599
656008
55562
125673
129157
2253085
785425
403854
602473
676695
780134
517958
1133144
445238
29276
989875
1131774
904761
609593
347074
529196
1190844
31314
679762
441596
950550
764460
666304
1142308
610028
46065
696053
80889
723809
2159439
674766
537374
302751
393754
1367171
376335
384090
4866
2120788
630811
446016
609532
965153
295559
71116
730065
272437
601724
603331
1837116
1049326
952804
425990
38502
669427
1569921
532444
252408
296901
499867
1999748
734794
512716
445585
939
208634
1625757
266147
1120702
656645
499224
460049
766840
251612
1945977
83022
425492
484901
1787812
802994
582463
99816
164322
1443227
724900
46060
232329
1657519
357930
706156
855296
967182
7770
1087714
1162553
736040
756302
214735
571171
896582
985650
990974
202077
1133054
97010
8391
566226
1461449
1239099
397035
475917
224076
