187926
3713
30367
259949
248640
33980
78863
406722
235967
122222
153993
90075
382328
199011
88336
242968
206196
174802
215548
43936
127198
272588
140598
342531
195691
109131
63233
25586
41527
125803
543941
147301
194507
261741
274054
201206
146411
109871
194301
220874
138373
395379
50244
222201
64387
444343
154618
215167
108186
257665
37124
267762
181263
258067
72117
275665
46052
358804
22124
24961
246910
85091
125477
175034
206233
200024
585816
120332
5137
223096
128064
89288
279697
21675
257319
226396
569416
151847
130746
189067
192878
208072
117117
263385
234413
2785
109413
323386
69523
106156
418566
164032
166365
193035
235627
155031
118022
190326
301368
101281
199897
109098
46102
269643
262489
143729
63240
263485
476394
8817
87069
4748
163982
82398
121043
378519
233145
317764
224964
144663
86273
93838
435349
144100
84757
204418
334424
156051
199877
476958
151903
160289
15125
243952
229031
107757
12377
495589
78468
343801
224036
28481
147287
47096
498428
55810
208344
279984
149403
100669
357050
51027
327322
152902
78936
115599
411897
31704
220034
84850
386188
161835
139712
76802
353752
73403
209754
130495
118694
380183
234003
177617
223492
18486
81354
437574
162172
106657
217905
139687
282055
96249
43437
253702
368442
134834
36553
423369
48644
188916
108125
58783
190676
364274
160853
304012
146883
91731
137984
272927
259581
237
42152
352416
71368
244976
238855
465354
187710
194885
24571
326625
196485
146845
203073
242199
176756
9969
307220
176718
223963
168325
21581
176489
239144
359370
5560
173266
105693
396973
248561
45371
105076
216239
271068
50732
259342
226339
93229
29042
48136
225050
429577
284091
390118
162556
2235
360803
39920
133592
114052
496472
18413
337585
31043
161706
285382
247929
148852
261779
27550
79426
43619
153600
539052
125928
189532
172208
301079
18389
129638
212929
235833
408825
96221
33700
38219
583868
158141
16140
192669
81677
43130
145754
507270
341841
180844
202661
203380
100846
208735
252089
130353
241805
85941
53923
399442
157141
236803
154765
68268
310138
173361
189054
78627
90738
221653
20180
581371
194122
36103
114118
17483
331175
316368
296858
197993
118805
221770
141088
229624
117242
52318
176194
381846
138096
284880
175649
146346
239169
55767
13009
345345
257235
168378
184706
40082
271031
223764
119442
240164
66350
54731
156736
546684
131955
310499
160796
147918
276854
51949
175227
2200
502001
214544
139452
194920
56717
18302
16127
426449
324036
49006
182205
298491
64355
415918
21484
333734
196682
154221
191223
89799
248112
76364
323034
55077
202794
217449
386841
93017
158422
69408
395555
114572
214900
60988
148079
364756
157869
295035
85496
186642
220056
1448
136628
409128
183075
294452
126492
49018
22454
290514
140407
236433
171
173702
303785
495515
123304
146405
301791
5635
312973
146133
110471
214987
364564
175021
42591
325077
69828
109540
215602
312214
96670
30114
348829
26139
329710
131159
246255
294433
194793
62379
65216
393439
106565
370302
19950
102814
331518
282118
159449
148252
93683
10835
511239
118902
223238
253196
62419
266132
30941
319090
13957
440766
11705
278743
233972
157271
198635
205965
153686
242668
61665
93858
257809
121062
245850
347857
38818
338029
88106
121104
116116
129671
149373
220889
107633
332575
316803
18128
463809
29606
259175
102747
360490
206820
145058
147114
190158
132444
180019
312075
139253
103714
296985
136337
159124
275138
163967
53865
182498
84249
35036
410396
228975
149048
151996
398185
76476
245514
283428
147476
94377
60990
412286
37769
78026
345548
72860
126265
475612
102928
37800
100223
180426
511764
49319
142815
28554
237818
407674
267855
45172
379183
185357
145133
219441
156475
182504
109212
257545
130758
252220
243539
138002
117758
95526
166346
299736
41113
79371
465132
174831
229622
55777
57536
156407
522423
134721
198062
28546
64536
7826
387175
159422
199910
464980
8308
157265
136756
411489
202507
288943
159542
163756
153573
133117
193141
49147
159456
165892
440806
184330
241744
46872
114361
292491
293632
20761
164386
169630
363538
43393
204979
185587
101781
395450
146765
119834
207649
183715
198724
136112
83579
490423
87530
9348
46444
456947
338161
28725
293332
136221
105474
107343
378330
15816
408342
225498
186613
29845
242577
99048
225715
152068
12201
179663
320855
353442
49309
73683
476910
111171
97653
53244
97985
280435
168388
478495
178960
189725
198315
92964
214202
298992
187060
41196
126177
391977
164726
20842
112825
318919
261507
279764
19196
145175
17095
554333
86212
45678
379910
92113
194379
290990
183180
218972
162757
146893
177846
81182
342529
66818
116420
255103
86637
210346
274153
66414
228326
132971
349258
298217
90118
141815
348010
15510
291477
157172
20822
441717
61587
285425
101290
338589
153769
116572
24080
292052
243185
137230
93327
340947
76810
135193
7047
203337
102727
427342
33582
326041
456631
147298
241525
43704
107136
327476
285480
66272
49306
874
374234
148145
7682
292608
152856
188996
403418
189114
25065
301505
239369
268967
14309
7019
211334
3440
750090
16374
146094
234380
350756
99389
96613
410847
43710
94020
80502
223591
209547
294665
309006
97274
16747
438726
31471
399155
212245
173305
157845
223238
197617
119568
217264
29818
371967
140369
15472
230072
192364
95688
284915
53923
17673
42982
470338
128161
609088
67607
180261
192625
100203
141548
128002
266297
256542
87740
106427
118382
308713
483670
174624
205868
98385
267555
194813
20955
156479
314578
126916
38124
150556
316233
127427
290740
238581
79336
192899
145397
114130
284153
250127
213050
178439
6886
304506
216932
3094
270021
215493
366461
232760
200372
68444
67235
393927
124514
264122
24132
309105
78177
120407
10822
554279
218840
3351
289001
137083
342195
134721
92798
212515
215651
53638
334388
293541
56963
24634
405539
20539
81244
431783
293630
158177
94943
269684
197480
169241
117797
115761
167356
185445
90932
329372
342917
15217
349711
118341
2399
81070
222707
198664
283372
282917
55603
419132
114426
18722
408508
21606
95209
75247
499300
266056
215867
75004
261935
1998
272482
107823
160107
438738
189886
66238
328505
94258
20946
200058
12235
443960
337828
38245
301290
18588
35396
128759
471728
199288
125178
72424
292474
62793
196891
115028
246117
483318
156735
11908
108825
407028
227180
223512
17838
345669
167746
116420
327577
156635
70856
132724
225702
273950
18738
162784
235379
424445
124908
75734
1353
550424
103965
90241
61693
447981
111713
165063
236001
14399
463697
25260
287840
47183
191292
367510
6388
258578
320025
51628
155273
133079
374610
21378
334443
213349
48162
119859
310874
11441
385891
57951
8310
377661
75322
134632
111325
144171
329053
500847
227715
177161
120618
53022
285332
155344
131156
32
530840
9773
18018
535944
29669
312663
100472
360001
106400
177589
181274
232980
187718
241068
39147
336600
194585
431
257410
300073
106634
224637
169344
79682
142414
382984
142642
158455
227242
119437
192768
123078
158828
333307
116090
178206
350027
28303
151495
309573
168078
162229
37631
371298
233974
123890
51131
226977
145284
343835
114741
188162
281131
207130
10357
47180
503601
18643
96947
25007
461638
180854
239420
214343
8023
287353
297454
79785
343573
14483
229278
340945
34079
119185
69060
10353
99895
306972
513098
381885
127719
170088
85941
232307
173909
338456
136417
57246
223606
335012
52235
254855
222947
175368
159762
38379
312068
130982
310075
97092
122074
101219
27822
454341
341987
185311
44111
308914
97373
157105
192059
94084
133775
271415
176149
168421
216967
46203
441953
139554
171519
38661
156395
424183
149731
267161
233843
204911
22608
203281
250795
226057
219411
227956
62609
231811
124409
283366
112086
251961
78450
346000
57188
121893
203119
105033
298634
186827
95525
312632
247373
69693
42272
164496
276591
273436
159326
256248
255417
184515
101084
227040
150352
128217
326571
152712
162744
68491
315509
187826
255863
102206
43251
451176
101730
183925
13604
119917
321907
308175
39118
56303
80066
290093
580254
114796
12234
386940
184545
154505
228934
48131
384169
83069
211058
127134
11018
486779
74424
132160
236997
240484
137987
103275
99321
336059
11579
467567
14977
242761
139443
131562
261462
44983
353937
269272
95644
95742
150828
367324
97594
334065
228328
3458
112342
319114
119714
44079
522036
43723
177057
214405
338682
37507
289960
194570
99556
68873
259733
301218
226491
178458
51861
13068
330364
175191
82267
478122
60925
14037
133086
129529
253436
221424
421051
61148
442697
141347
130368
256797
31441
389657
99478
22766
163532
158927
258371
189014
26338
87277
298903
396695
366070
2911
339103
29768
136953
102030
393750
68809
269263
23960
453770
14037
59682
196319
295179
348390
29667
352258
238980
23591
238757
154857
133697
402222
182966
168439
76969
96243
425402
19174
39911
454932
224563
214071
121740
159578
109885
64584
457338
42374
108459
249434
68200
106129
302101
446906
202600
17488
32293
171506
170334
152887
564729
185235
175214
172211
238522
76609
216091
260149
104093
137169
39416
473409
108025
231842
143513
276169
114914
189926
90563
359725
143066
219398
165760
140002
144484
3316
363764
261375
131169
23998
198722
172702
54185
539751
94457
249598
212686
38612
208825
273732
248799
141266
26874
79853
273353
273297
121931
229389
288653
238355
204263
209188
170123
2325
87358
508773
204106
30886
206795
146058
122567
284524
134443
376441
22937
106662
343101
188191
183155
117768
110947
441120
50832
298158
12009
55569
330648
261429
173946
143973
225006
142445
274906
130679
312340
99073
265766
90314
258947
150549
51032
25969
427221
142814
277184
250554
36576
341370
179714
194496
260022
110511
185218
167236
78772
98180
205067
468697
28492
254536
43094
8769
325986
288165
113060
269558
186212
127279
224177
185970
295299
270275
26448
52423
384499
76871
313188
42952
263040
183543
221008
172963
310321
1485
109385
41442
57988
205003
192314
11079
112770
222934
481379
175575
47923
347741
101167
676620
104007
93804
405097
119561
145506
68549
73230
318741
391945
158151
178983
185786
84911
345726
68813
236254
141913
297270
128555
30547
2787
6738
715376
112185
316940
132858
159406
226499
96390
209931
190883
151430
217509
87350
116510
440557
35936
93212
310236
113497
11380
569593
225557
72719
111620
66011
342774
337512
66656
111910
219831
317511
245824
118811
46758
50914
126237
68884
668607
228707
56341
237454
239540
53159
231179
41791
417097
248431
34723
194570
161383
290956
231438
123235
131631
24653
290668
342888
128168
231266
234210
37024
339823
21418
173667
267767
245391
27790
407872
163776
45740
94583
160719
464737
187193
2260
32125
319548
148990
213740
367260
224266
54828
323340
165635
215562
116512
245510
116083
110999
79912
261888
323031
7769
115449
348412
102293
293336
224202
130265
178054
234848
174052
223495
139736
157242
123002
325517
152607
61639
281052
270962
127701
159621
355250
69610
250267
241690
71378
321582
9330
136841
350776
54807
333235
3244
83196
502001
19480
246489
189734
6416
234258
186753
297536
9739
18222
179166
144810
647968
66922
254422
17387
124666
404913
35263
466901
191034
113411
28133
90893
158165
26228
223745
450145
206920
56689
546227
199090
120196
148898
19231
111940
531759
31929
272567
159168
35297
79858
73024
143537
100291
410438
382071
103152
209748
372502
36174
149202
153794
114325
147811
366555
209379
91710
82259
462977
135525
192130
258221
69207
175152
121924
431131
250010
56745
179944
307261
229446
131515
52662
326703
162476
170162
89077
20350
257061
358015
199019
209482
205772
13956
322974
260419
52627
327
316512
232999
41981
55416
11131
22786
609494
99845
663599
144682
110773
163583
213024
177904
2928
233409
325145
145567
300727
240817
194666
83359
98965
110982
107352
13216
269480
606082
168927
123636
168095
202029
24738
102330
30752
277057
535671
259549
58129
145009
277808
101888
23236
472694
145361
308949
185758
124755
222846
82973
309896
74551
101839
62250
56330
421471
103506
32709
615153
72016
206910
64865
217479
141365
46718
240737
311837
403111
105363
63085
268426
191387
113747
323707
83790
26628
77160
605367
60341
284025
105340
4786
454008
189054
212001
158426
249526
191633
133862
267364
141716
48719
324415
106104
177062
216954
127974
154427
356180
53788
275976
159328
199432
115560
310647
30120
135943
238811
273166
262578
146370
147887
181847
97597
91935
396577
290016
112994
121131
126275
136431
151701
41617
439904
165218
168473
382953
99437
307931
28025
106394
226946
296945
126513
176746
344609
199381
190097
124222
18320
102205
482213
219821
137130
129938
10227
130819
192270
38503
455732
86111
384757
48812
210674
23813
349743
373651
135852
39190
162873
359135
170074
117887
242311
83002
346375
217210
14618
276227
69714
199705
266965
274576
239828
799
112762
68059
112153
516985
189435
243170
273953
163320
154215
100995
109045
224110
393479
52318
142302
21357
496500
200759
214902
88481
247946
145202
98482
151111
293656
57855
158279
367014
245542
89804
216944
233238
119753
4728
114644
333308
237997
320081
85041
10988
410032
209448
106377
180280
79969
80708
146690
511227
164300
11367
484577
163104
227422
36140
139644
81993
163203
69914
111873
21203
848754
62159
74062
352063
101253
361135
11670
15895
119569
184447
319673
301720
338770
174583
83468
302009
82798
247948
18321
37058
10713
454360
468031
144086
169845
46253
52317
157972
44817
45995
461378
372668
358512
200604
77195
86849
126363
321966
324234
145299
105803
287688
163679
256406
143931
203337
107769
114881
87641
499869
166487
96565
10602
439929
106050
147149
115361
48899
182551
477360
94628
346232
91011
9202
465767
158588
235015
180066
124411
265615
194881
59997
75114
336656
89921
26358
503148
51181
203382
155385
164862
14733
426199
155336
346714
149723
227744
96991
164233
195010
293022
170858
92376
77398
221102
327726
175072
177236
177161
236015
211470
125721
71835
240016
191090
329429
136860
72259
7634
188093
553053
40132
232122
86043
233464
184458
149077
213553
11438
327981
40052
220760
349876
47095
303685
279997
196412
32587
251557
75211
120053
375392
252732
141742
280327
138356
94641
227233
50324
59580
31821
382131
178144
361173
65813
139009
282432
447181
28509
221787
186868
305053
196436
37324
383331
33524
236520
121869
166671
259725
145830
187475
309250
171158
44138
233343
78450
427530
86565
40478
125992
206177
352632
180897
305225
95476
260340
152092
14491
328411
108006
211209
263464
114564
149772
249573
313192
211117
181913
70551
304441
138770
177292
54628
340660
230817
154979
47068
107613
262924
306611
76487
346277
168348
242730
190711
86458
247371
44713
264585
275485
10080
215857
42857
454282
27880
129682
335447
108151
303048
57148
133550
36472
472266
140671
215863
323955
169992
78946
222040
116537
24430
142163
287254
76221
410245
344126
20699
34836
81580
79769
131752
527753
313989
322562
110475
140669
258293
123375
134348
346233
146994
160037
54174
105223
9312
553533
247583
4061
79158
290095
110172
402863
209579
24192
388123
256458
122979
448
107352
467916
232821
162334
205919
92853
55877
91064
393247
160148
301986
136271
184332
145574
215979
153696
175217
354187
83729
36964
265310
19048
208040
150081
81980
600742
127751
9084
434245
68218
135908
311919
205816
92815
31128
110692
345000
153583
330230
225929
191305
5889
241937
201798
275520
136922
52635
173717
513807
135441
184342
82367
108717
197168
194071
88272
327198
67892
125424
412
315424
537482
27823
411457
124931
245363
156385
147829
46693
211494
99820
110613
75946
51010
763969
39503
365050
101120
22346
12417
373539
426202
164642
139498
197609
229900
79467
77109
28331
525895
274205
95184
176791
233624
38361
319517
44956
57726
518667
69590
142408
24303
315915
101516
13501
501468
204242
255835
102591
92632
204352
11300
417262
180418
64478
383363
293903
40993
323509
128711
209178
240278
18829
325901
173043
149926
49037
123843
8032
158493
533788
336001
167203
34825
364863
157571
53409
329830
68877
187465
201478
89731
163930
269374
224711
75750
417731
19302
173970
305249
173268
267860
9019
369855
162425
163647
37961
150739
78196
539723
102437
180018
94292
186344
402672
155844
8946
55684
155775
350240
44720
209979
513341
158473
212591
149163
184844
140853
86702
100349
79627
558022
45996
123798
312390
108609
138748
222657
199011
241023
244967
236047
148186
104339
50759
138127
196847
507188
142249
231
436163
165887
97232
127972
222119
187651
251271
65302
220217
95459
70961
538367
36107
344091
13071
47535
149435
369801
123272
424782
139114
167768
159363
133004
11036
382733
239770
236454
154333
240181
91384
69415
271291
33438
397627
88530
219522
151010
382590
140096
83586
107079
407670
121980
20217
402164
143764
108982
176182
176785
305715
155180
162954
194904
7837
373620
138301
102557
311325
9288
426472
102300
228593
174871
49225
432503
169142
30158
158677
200107
102660
63694
360892
66751
346997
112246
472484
108434
113650
25732
200026
311381
72712
30739
538124
136295
235496
81893
266347
73738
400078
26343
256965
121375
39259
399350
136448
175710
232828
19355
243120
73219
59104
193821
238904
512830
41835
440004
92066
303458
94729
100433
308384
135847
160439
5748
517292
183941
52859
99593
173053
37702
14576
492246
367489
270598
77503
148896
5349
413347
272635
45047
180779
109
174120
387353
31199
351085
233678
209059
23087
327927
136710
37664
495097
19006
225762
525
519510
205426
77606
164686
4284
239464
146193
236337
41512
195538
212288
169608
462731
104352
345203
132245
144258
46107
306604
336140
73015
115911
328254
220918
37645
71567
302562
196208
5618
32292
25042
230689
699362
206924
6987
302478
74975
411733
110156
238075
255674
164105
75661
180439
191404
225581
145592
80808
250809
230609
239170
85759
126811
301961
201248
193141
8086
249286
164964
131304
142401
140095
153730
63391
627132
330491
18496
258066
299231
115984
50279
71580
492815
78176
262401
26163
275715
208022
117546
230021
245387
206922
94233
244146
165440
205395
168249
107342
932
221484
254720
407401
5055
34717
96376
490537
29857
310477
402417
187317
196972
105989
241686
4063
178438
376068
216464
96166
199198
112051
25642
496857
84752
176520
127059
1752
522834
133524
45153
379639
206427
114866
51669
13868
436704
311031
42414
76471
243783
327266
158256
1866
234663
412992
20665
116425
375712
175891
6603
135127
245044
380394
85979
44529
487968
134807
128752
350206
60015
277769
7421
292397
248906
72478
129804
305735
282367
83780
246695
244106
181711
33031
145835
284791
275140
173689
100903
158383
13175
179553
479825
16055
1911
432359
34675
426376
52197
217706
288163
152147
93959
17731
93955
650527
32071
348486
30163
342744
107763
105121
305768
93890
22300
427292
237997
139033
188409
51848
280707
31168
323153
106233
197306
396295
110751
22263
116456
136502
164994
376953
328894
59786
59180
199259
252781
313204
252022
189443
44270
44669
454149
237612
178004
177158
91741
251046
99623
204619
111779
298322
180614
75423
252994
99744
47383
459778
245632
1944
373682
201187
64647
282744
218963
117446
96331
42077
480128
136937
234119
69719
328964
193413
35375
253073
268302
41494
115059
33616
589775
87038
198326
235343
239518
57613
25
142036
208303
542500
94070
249060
27651
59714
279251
397311
208124
89929
52979
301063
206906
264159
31448
366520
58026
137719
186221
153257
98724
466876
117283
269261
53313
104442
316072
277525
63121
211981
275471
199915
208518
97463
104788
168900
130928
359952
83686
70967
394492
185756
126050
139452
68987
101166
214790
412992
303856
144515
33659
41555
401986
58302
195852
67376
180403
429634
335878
112476
141584
218
238612
75713
450868
259817
30896
195383
403890
190533
64719
244225
163996
119539
19985
420727
177675
168720
9888
304357
39216
371407
10016
383662
135049
48369
202109
167146
259782
50944
395009
126463
173701
169111
209753
311600
304510
85631
5924
133212
397418
277981
62289
170132
263929
273820
83940
262056
79265
55516
225338
423451
18989
347651
14692
345347
14645
274276
172463
220042
28457
329546
240437
60689
293937
219275
223949
208356
205347
204490
48709
270839
18445
105151
419823
66388
29890
120063
597356
155493
23259
295779
137969
161737
257935
109497
345008
185279
29936
109090
401058
223763
89678
6669
315904
301622
93706
139049
167003
262971
95346
378106
141892
119443
96133
266502
132578
176610
71215
304847
361790
57135
318515
170939
20806
329389
268048
213920
91454
283737
30322
111025
343204
170896
275182
114416
9116
457882
146997
165514
253975
144524
134148
264684
181375
152321
49790
46194
18253
640597
142178
160091
304298
116465
105830
301623
44301
370524
133835
172081
215056
78922
243607
202189
158196
42031
165255
192157
182581
463203
126937
235132
162932
93806
56008
281871
368498
69436
22185
39142
292782
246411
27377
183376
221252
100444
103196
119505
122759
670258
88526
351277
305421
91380
230947
89433
174889
188772
406374
178352
138684
52607
235767
242908
51772
228033
289206
38552
358724
216034
216426
75781
230250
97322
156380
54455
391547
31410
52435
271213
271469
445604
127655
197617
98944
116195
210098
223130
41401
218884
451938
139846
114608
152859
49104
480345
91472
116612
266868
275955
93604
111940
212088
229285
43707
252270
27244
18194
657949
201707
102766
200709
143584
23842
267933
45104
521630
201091
53969
160051
373236
17747
361466
49371
62116
264431
258442
212815
73137
312021
79874
8416
52556
6583
791546
264701
82746
248290
38612
252880
176412
182158
169929
24747
236158
396147
254926
115871
157835
309015
97851
187444
9507
416625
9611
396618
55493
207643
87502
320153
81872
62664
160001
85011
460562
153357
3577
141660
243780
496897
201027
74908
156339
119746
391544
221429
122828
90794
271313
70335
221617
268660
188890
55613
429113
195058
112912
148822
215449
73168
95894
174807
396043
272519
76085
229742
215572
34166
224395
343828
56726
160895
283881
75096
148862
124626
256674
377197
100718
186167
282076
224229
147501
30642
310370
83847
212751
153085
338813
201718
52742
296820
68879
144476
34367
430135
16629
243063
56610
102944
53561
324983
377781
74589
329557
425239
63907
45400
88529
191994
333636
89660
57955
357252
47427
177857
152
385538
358477
400982
153312
179593
250629
89406
257160
40111
263252
182915
261788
144969
67846
171666
35625
95902
528238
114597
78504
174457
6654
218842
334447
351344
152561
384127
80522
212240
100677
107480
241834
224719
25131
77078
281010
314206
249653
298562
225741
62957
127752
339696
29962
124003
333358
71097
12245
348664
81959
523803
104042
43930
30479
78773
488576
176916
279485
43635
213265
30880
228525
363681
48222
161032
412533
226096
174649
276122
95271
194048
260550
54208
103805
286879
245080
207452
247035
29017
29103
256731
145750
380866
284398
24937
264505
58876
249158
287697
160637
71649
297636
63230
255281
308123
72284
36109
37049
442642
334131
131041
302029
143800
52634
17844
349743
42327
458762
107595
277748
137905
248201
127529
216877
134707
224013
207156
2365
167852
195649
165861
148994
171378
456601
146842
219220
278919
135364
48794
383628
74749
257059
209363
11065
315001
248231
115831
181574
9352
12227
322017
46118
643485
76076
209032
249938
167983
169131
135579
198251
265334
74931
104668
13975
508319
244012
81428
205568
76712
284369
251457
237968
34416
184720
85449
28294
369677
261164
72875
325511
139312
353142
73677
115081
164702
420906
159978
151093
65738
198912
62966
127119
330532
174557
440074
27331
294297
33290
251426
205061
313995
77503
111376
160078
99747
257586
208817
86321
361909
62395
443089
172670
42517
14596
231908
178954
15840
442033
161197
198827
199329
192462
237131
355452
171236
14547
132602
1267
339700
418119
28798
195409
345353
233180
71648
68436
189773
365378
24976
236098
326556
67856
159822
359897
149091
1022
29181
268020
33082
95115
351473
112950
10833
462064
250999
500571
87411
225025
262429
91708
216777
3935
385794
87369
224601
159638
3030
474427
169534
211697
195370
84068
273760
168497
253205
29702
246824
93218
306088
111771
95749
300261
308876
197442
80067
84504
247475
18199
195005
407330
232692
5582
167799
255019
341219
160427
77668
63328
279460
134708
9349
453252
128987
247369
161104
332935
243652
37188
105336
33323
551557
110325
158442
158815
43925
451087
153203
59639
214986
176608
151068
343736
68596
358836
32344
295865
70772
129680
115161
126369
532148
173635
176731
231260
122923
205107
205220
166841
63407
193837
182140
195145
63192
79236
594637
17918
167116
7393
206492
40912
629136
18407
356614
92398
78779
249225
67878
8627
699248
106190
193808
75281
89260
79282
173847
501292
201556
167290
106730
40853
404998
67182
201110
390835
98526
175708
160737
32986
117340
4697
265610
628805
44101
192586
10077
356159
30004
126654
195879
145165
266458
74829
145904
131796
235913
325573
288653
331933
149807
6763
411806
253550
89028
243472
88429
126492
3758
271388
104991
16779
513355
389090
240123
80814
298443
141588
215401
20233
130746
325385
157558
272231
179217
81679
298907
130636
255935
161339
6994
211957
360339
54077
87172
235587
115074
29150
86615
573110
136741
225970
12270
497275
42630
91461
242085
287050
246016
239710
180256
152514
155276
278519
188431
198091
62520
173253
370194
37344
130326
417362
5034
176221
230456
193931
59746
104853
54977
134143
360262
178607
503379
50377
130686
