521795
1499
40952
209465
229071
666904
1056352
186186
1126006
270212
27694
1054787
745803
39447
594513
577986
863385
452393
403821
209798
353482
877606
59072
152685
1526216
404548
773906
420647
2896
372380
72744
1172820
1090917
140950
904810
108751
861748
713695
46180
679485
21178
154717
420654
829037
1206919
452037
268839
908340
56638
648569
93876
265027
637087
1028550
558559
574709
11324
1499103
359051
127845
327506
1147439
677209
135216
266975
1125726
208617
310536
276814
1288813
116173
251361
162150
1644401
3516
630011
874240
211838
148698
1090813
518906
562850
641032
138246
205169
988695
425201
51241
579425
367251
98480
524715
1781117
438655
695389
66177
895260
144558
422942
631313
237191
752108
219749
1248049
164302
852332
367351
703584
11673
997371
47132
99699
1206388
276746
668188
638966
562028
767196
117343
75661
1348237
493481
351103
526084
157578
770973
667062
668794
140526
300477
1060385
69452
171076
61287
480120
1701355
688900
319572
507027
730930
271226
676168
411012
449441
483236
671782
20007
295435
841586
766378
15555
788611
1030550
199657
445786
539193
185494
1282081
233141
449462
151290
1265322
374357
198936
566228
608965
665706
629509
675111
259409
442946
121501
741723
788527
650498
550689
4608
844823
493577
146327
1175990
289129
244010
784644
370005
400688
49269
1060349
115192
1279085
225737
634012
171774
46793
382407
437121
463
1162698
1799744
45510
96238
156624
820562
238659
903971
368357
1444332
238544
232269
248518
260779
139138
1165706
909455
788535
519788
12316
872338
605545
428004
725903
458231
517902
792891
307589
536509
186991
974347
565867
44586
285118
147284
1682714
241099
760074
27579
849587
386206
12228
1394098
415798
74719
380778
757507
209910
511054
884734
226286
1151506
305889
728844
213687
185401
1115061
260737
912990
537396
473217
19653
803454
150075
705834
414578
371178
730535
725393
574291
639895
639612
33990
931781
36582
831449
569740
521762
619714
388764
419934
468284
709981
291669
367384
389952
673172
318138
1172587
584833
414439
538136
555971
368367
400371
627688
600709
740519
279427
169703
924868
521170
419385
210043
992741
150744
924460
128283
612920
316877
537188
748543
407612
754580
662970
473455
598381
310820
28294
298486
860613
869660
510197
653890
641553
230329
862943
558401
106533
559424
323461
112323
648053
1118550
376614
776547
616354
186435
580323
608858
147967
775835
757987
555709
70018
230331
340537
1259273
68001
73404
1346445
703351
208627
840609
581391
37573
544736
611001
464332
321280
222468
1119151
947053
411424
637923
473676
287652
122768
1131020
119045
619050
541651
660794
353385
845583
122530
298616
1209366
55273
843312
593964
191773
683259
235484
629753
248991
1145798
492564
145266
20201
617128
86987
610858
1117259
198667
383233
184907
1373540
190677
1307382
284250
678634
209004
670266
267179
753797
740730
639387
116254
948712
6403
5152
35642
1482107
927411
577422
35688
288721
414230
931407
862159
202270
475702
225708
615926
774663
390567
455253
25347
1271367
228342
274846
1543528
414327
57217
470459
944826
342239
409296
934189
193398
758374
621097
63112
742618
719263
216667
688231
615479
133854
717839
259201
99208
195028
1228309
1042247
402313
50854
317957
596259
1377532
107240
136133
725737
981015
43644
470816
730596
819541
554423
10015
65086
621031
1459579
526985
293304
16664
603227
750743
377923
174809
581208
9305
306662
793297
360681
2007734
249809
774854
446830
184594
988547
69603
446846
1060757
413397
491912
417025
91418
521600
750805
510709
9587
1111185
269580
907672
272468
923134
248490
190258
581782
755904
613630
360471
588957
177050
436602
215961
1409990
737115
176069
742515
587940
209098
296
820933
375567
531925
565760
122172
440019
1048343
126854
1466988
587222
50121
309
1043660
46160
482283
222768
1759728
536233
169907
580795
106694
1055843
190482
483579
74544
218780
1286640
824081
798952
10416
742730
791611
194346
530359
448173
439378
103971
1457740
496640
42474
992190
420003
360940
373165
615059
436283
270243
451101
816888
589798
177566
23975
655798
264403
1118833
913791
902278
154000
619540
190821
1018372
104433
81293
391914
1189101
959914
404376
289075
326749
861667
387474
549562
265950
784215
747410
478099
324433
170911
254290
1238755
727309
16015
808800
685915
273345
9197
1062357
421960
65393
397517
696504
198847
234966
792928
693652
1368105
157955
359680
607899
218653
1334477
357541
167399
641239
102856
661169
151424
837257
590004
56974
1327049
210764
85332
767059
1022935
258337
280221
634866
1003732
486814
497698
496635
788174
269458
187398
384501
436316
952360
4274
459917
629453
194733
1741787
212752
763493
258202
780014
580187
310451
593814
48191
958043
721607
429135
98363
313253
340449
1339330
400597
693372
450784
235784
819875
571701
110532
374998
351801
130530
1691102
516536
550581
508656
210719
738922
380261
470280
578777
707517
118852
19582
550589
71224
113067
1517519
155131
1530176
69324
471521
866190
710737
484841
407684
530056
155607
306979
224657
1360080
668389
234202
476025
129334
325141
568821
819072
737975
936381
200903
11951
45613
1090278
1371936
293000
249315
861189
291107
132162
929389
522996
97511
1320769
470125
93152
217271
1096700
100873
388299
353236
1170825
211603
23389
1488977
190367
254896
799408
625232
471668
669378
400303
891399
210999
554860
614343
42338
808331
359495
241477
372631
86486
1591076
732731
263056
464541
463717
972215
421997
236738
273661
459099
113388
319468
1339100
112176
37352
511399
639166
386870
165769
2216013
599011
407395
587125
19306
688533
261952
630942
951333
656306
159610
233217
1026838
382364
709201
91962
327369
472489
1126321
439152
798016
479353
431500
356601
801084
137491
630431
638450
526797
251798
821606
113903
264010
826705
812647
625726
186287
978005
34154
657063
93724
1265619
391184
218530
70747
912479
222896
564619
265437
1081038
461272
549782
191689
1225500
597748
226343
120680
223315
1245926
196386
797722
26254
303099
779723
861248
224490
984931
115676
212033
793106
741467
589627
900292
307164
436673
137630
1065518
221756
566212
933904
558122
354128
745489
15249
825565
378936
161039
200141
1253718
90615
55655
51745
1939756
572546
162771
89700
18541
771275
823776
973290
28942
1482408
234158
81469
699127
870033
144287
1064844
268763
111115
929187
296764
665492
860407
584891
252545
260329
997637
7441
645887
437019
794130
393239
577122
301391
541204
218754
754824
899767
56549
71539
1134165
73455
568089
397202
1452483
322709
591657
74726
461384
623016
672043
948796
304982
245398
207730
513509
650884
147420
1029529
230357
1324938
242873
906810
501736
399886
579942
443778
278544
690616
457672
816627
217640
560223
84995
756313
187594
524941
349431
1153096
246372
525685
477830
150946
957759
372101
228724
608928
884859
64116
1540109
248673
280948
804349
408514
257989
460327
949528
136841
942284
688985
399617
647807
440194
240571
351391
1104249
529569
283289
414910
696497
123044
859736
259511
212601
317730
71656
1006877
1482464
264354
158401
76820
620622
1072453
440642
118422
473135
606178
1053396
70762
172188
409394
1271708
249701
1028015
265140
783947
66432
1051762
334444
183520
576472
252822
69927
1411072
29514
1370753
191647
368437
366300
438106
589158
361149
1266692
210202
564874
879303
447033
696286
418818
431164
295488
969975
179228
825863
435235
238647
172575
1240760
19239
859710
58878
1107480
394147
678079
121667
867302
282357
761593
407507
723065
217736
399431
142095
64937
446333
1124341
338249
1158737
823786
46608
638414
352581
939104
470446
362945
108941
881875
614131
152770
766097
194758
157206
1022929
820847
659988
645103
61096
259693
644573
756436
914841
222717
812136
340601
692763
346837
450846
114529
98487
593345
796580
859519
621384
679621
288577
278343
500931
503913
465664
1175359
15623
762912
65870
400582
863176
89190
693564
546664
1146140
148617
418393
742373
212263
1184563
256993
518814
765252
506938
136423
578467
115216
974233
467000
334642
283924
1277484
74842
239109
960622
18477
762721
675458
874251
682044
101032
72517
513150
1280982
584468
30349
466909
10500
967727
623245
605513
412699
303638
487302
201800
397037
1514281
416317
955322
314075
437271
128051
1127357
379816
110714
113410
86377
1375844
772213
775274
248684
537871
849439
136120
407072
306125
1270435
16292
449660
809535
208536
295297
354533
849593
579546
287127
15321
571083
1844186
60312
841122
145794
73964
381069
355999
1384110
848480
405210
217201
612582
34851
1187292
272609
646296
195259
745931
975048
489380
395062
353211
796784
47176
117739
251956
653256
907819
1044690
427587
781659
15503
744603
181842
668434
847780
549411
249552
245207
653863
336686
210510
1237064
546207
834247
242810
699844
307147
258570
326650
307354
305701
705090
1202241
6618
856926
435531
669321
443666
1024921
329987
239693
727095
235224
953369
29745
1150687
143176
108784
1044653
624185
599406
94851
122298
206349
352260
797545
820446
1178177
225462
884390
105149
132214
497580
996330
857168
285973
675429
101869
428482
59986
1469471
220801
1022278
340979
655820
104785
665557
366769
371977
497614
850498
773404
54635
843362
496206
201895
623471
748184
206957
1098453
69624
962963
96512
115272
885506
925374
302033
124730
698888
707709
257525
404425
141657
1115359
723595
235462
6748
1426924
687488
80369
386994
979000
533924
235934
42341
459887
1482525
372465
218676
624749
211430
606995
1001102
27270
377054
500650
966802
575848
640686
429871
446179
848203
196568
221902
254589
347781
1201794
475388
360259
303876
1146443
416578
491692
775961
434522
60089
1111147
349856
345084
14675
258641
1519514
479753
649332
425135
161544
625648
313461
68731
85340
1390334
595370
776421
256243
951379
150994
568051
197892
484499
854232
373055
285441
1086525
627333
346398
98363
604843
448033
1106267
555066
49044
131618
1185179
792942
264831
354932
451338
214720
919125
864535
32768
791407
48953
1354979
34836
47175
242730
935399
41992
107849
1327697
1276257
548124
557412
250459
732355
214984
956146
368831
405513
191175
577720
883981
323070
392028
544715
769067
362677
808321
219906
223565
260594
170448
945554
1386023
463419
87336
731501
646582
164739
671675
971206
229809
786319
115537
289935
439996
1288912
486780
391993
79142
704845
488495
46648
519237
1009367
664170
759821
596388
437854
523079
439790
684725
50793
317901
823612
529741
7519
759450
787892
466160
933715
388693
7158
748484
706396
297531
221697
1028683
444128
709571
368490
420476
296322
574253
735462
411684
80644
725316
704378
343899
814398
318155
1003176
30230
928418
508975
173731
160422
1230117
650480
225138
741575
557015
533506
516183
269229
186661
