1
2
3
6
11
20
37
68
125
230
423
778
1431
2632
4841
8904
16377
30122
55403
101902
187427
344732
634061
1166220
2145013
3945294
7256527
13346834
24548655
45152016
83047505
152748176
280947697
516743378
950439251
1748130326
3215312955
5913882532
10877325813
20006521300
36797729645
67681576758
124485827703
228965134106
421132538567
774583500376
1424681173049
2620397211992
4819661885417
8864740270458
16304799367867
29989201523742
55158741162067
101452742053676
186600684739485
343212167955228
631265594748389
1161078447443102
2135556210146719
3927900252338210
7224534909928031
13287991372412960
24440426534679201
44952952817020192
82681370724112353
152074750075811746
279709073616944291
514465194416868390
946249018109624427
1740423286143437108
3201137498669929925
5887809802922991460
10829370587736358493
19918317889329279878
36635498279988629831
67383186757054268202
123937002926372177911
227955687963415075944
419275877646841522057
771168568536628775912
1418400134146885373913
2608844580330355671882
4798413283013869821707
8825657997491110867502
16232915860835336361091
29856987141340317050300
54915560999666764278893
101005464001842417690284
185778012142849499019477
