862.00
0.00
2923.50
2061.50
3375.00
1800.25
4404.50
2368.60
3836.40
2403.99
3389.83
2411.03
4063.71
2776.21
3750.00
2726.32
3346.67
2812.19
3778.90
2966.31
4269.73
3226.17
3946.50
3269.57
4023.62
3152.64
3898.43
3071.31
4217.27
3198.01
4548.25
3351.31
4402.82
3302.88
4253.00
3268.73
4322.32
3195.11
4417.90
3141.95
4299.48
3111.63
4512.55
3193.04
4450.00
3136.61
4571.04
3124.96
4480.40
3093.85
4615.15
3107.69
4699.85
3080.03
4727.96
3028.05
4699.69
2979.14
4810.70
2989.45
4915.26
2996.08
4767.97
3060.80
4899.36
3104.37
4949.15
3071.72
4878.49
3055.42
4915.22
3020.52
4804.95
3052.01
4822.71
3013.52
4789.49
2981.67
4699.52
2997.29
4648.00
2978.39
4714.05
2972.96
4670.81
2951.51
4689.68
2920.40
4688.04
2887.79
4763.13
2900.30
4819.94
2895.03
4852.15
2873.22
4800.71
2865.98
4741.90
2866.89
4751.80
2839.51
4717.67
2822.62
4670.34
2816.62
4655.26
2792.58
4696.85
2783.91
4775.95
2820.60
4826.30
2821.03
4783.07
2815.58
4704.44
2855.12
4754.37
2857.08
4816.15
2873.70
4807.13
2851.30
4867.29
2867.96
4818.34
2871.86
4801.85
2852.74
4791.09
2832.37
4736.93
2845.39
4725.24
2826.01
4787.00
2851.32
4755.74
2842.76
4821.85
2876.34
4843.69
2862.22
4813.60
2853.99
4785.57
2844.75
4755.73
2837.35
4799.61
2844.11
4805.04
2825.98
4755.68
2841.02
4800.25
2850.30
4823.55
2839.98
4822.20
2822.43
4804.39
2809.74
4771.16
2808.93
4757.37
2794.98
4810.60
2821.00
4786.35
2813.45
4779.01
2798.06
4829.69
2821.99
4829.97
2806.09
4830.87
2790.47
4806.29
2784.88
4857.67
2812.75
4884.92
2809.77
4866.63
2800.35
4831.47
2806.35
4804.04
2804.47
4787.92
2794.44
4770.68
2785.33
4763.83
2772.05
4741.27
2767.28
4777.91
2777.81
4815.78
2790.25
4824.53
2778.07
4792.95
2783.20
4818.23
2781.89
4801.08
2774.30
4768.88
2781.14
4725.51
2804.35
4698.62
2805.41
4693.97
2793.05
4703.23
2782.14
4672.97
2787.98
4681.64
2777.13
4727.69
2807.93
4687.65
2828.19
4664.40
2827.00
4628.70
2841.03
4672.72
2868.75
