862
4985
4278
7493
1564
1157
8107
1554
120
7669
9178
391
4949
2271
8681
9513
2076
1706
5570
6234
1931
8987
3074
7355
2305
7984
6902
5487
3908
8030
8052
202
9104
6592
2476
6201
835
5480
3527
1191
2587
7422
2855
5501
4616
8142
7433
6366
2332
1860
5247
2977
2209
3856
6943
9126
7646
2319
144
7700
8523
4257
8597
1735
3746
4092
1162
3942
8987
2599
9449
6395
2647
2739
2548
8090
5218
955
8277
6664
4714
3362
2046
3613
9282
2725
4148
9239
4854
4911
2594
9534
7392
3165
1527
2198
3240
3099
4092
2508
8442
8641
5717
1540
7447
3001
1355
85
1795
4187
5722
1314
5652
9932
123
1990
488
9823
-1
