6747.00
0.00
4492.50
2254.50
5035.67
1994.64
5672.50
2049.54
5057.60
2207.46
5360.17
2125.67
5301.14
1973.29
5303.63
1845.86
4814.67
2222.89
5221.10
2435.94
5340.09
2352.86
5475.50
2297.03
5117.46
2531.55
5320.00
2546.42
5265.67
2468.46
5064.06
2514.39
4941.29
2488.25
5160.17
2581.05
5138.68
2513.86
5118.45
2451.80
5133.90
2393.71
5173.00
2345.53
5092.83
2324.59
5222.71
2359.35
5213.68
2312.11
5302.69
2310.48
5178.93
2353.48
5028.21
2440.15
4937.79
2444.98
4958.87
2406.56
5117.16
2521.20
5200.59
2524.60
5263.61
2511.48
5154.94
2551.80
5013.77
2646.36
5135.89
2707.51
5002.84
2787.43
5079.71
2789.97
5063.26
2755.84
4951.57
2809.13
5036.80
2826.54
5042.29
2792.91
5014.05
2766.30
5075.55
2764.26
5148.29
2775.64
5229.41
2798.72
5278.94
2789.08
5361.38
2817.15
5323.76
2800.41
5229.96
2848.96
5245.86
2823.13
5218.23
2802.81
5270.19
2801.41
5300.89
2784.33
5221.05
2820.59
5173.84
2817.14
5217.84
2811.66
5183.31
2799.49
5252.02
2824.55
5285.33
2812.58
5310.02
2795.98
5312.68
2773.41
5330.43
2754.86
5306.73
2739.72
5365.31
2758.65
5422.11
2775.70
5440.07
2758.78
5368.21
2800.89
5373.77
2780.90
5394.54
2766.35
5456.75
2795.67
5458.81
2776.24
5466.92
2758.02
5406.14
2788.11
5398.39
2770.27
5392.70
2752.42
5374.97
2738.85
5375.76
2721.25
5374.94
2703.98
5369.80
2687.41
5385.28
2674.36
5388.98
2658.21
5366.69
2649.85
5346.37
2640.52
5314.48
2641.16
5254.22
2683.90
5265.72
2670.56
5293.01
2667.51
5308.01
2656.21
5254.42
2689.36
5250.79
2674.77
5298.71
2699.17
5320.29
2692.59
5352.71
2696.42
5381.62
2696.80
5330.25
2729.04
5320.49
2716.62
5303.47
2707.92
5263.34
2723.33
5270.12
2710.52
5306.00
2720.83
5266.83
2735.92
5267.12
2722.61
5230.43
2734.95
5191.20
2751.14
5178.45
2741.25
5168.46
2730.35
5183.63
2722.21
5160.23
2720.58
5161.95
2708.25
5125.32
2723.25
5161.46
2737.66
5124.09
2754.06
5102.00
2751.99
5110.43
2741.48
5116.16
2730.33
5102.30
2722.73
5073.89
2728.53
5105.01
2737.99
5104.99
2726.56
5112.53
2716.52
5128.66
2711.18
5101.76
2716.43
5096.34
2706.12
5096.76
2695.28
5116.87
2693.96
5111.05
2684.12
5074.33
2705.45
5101.22
2712.06
5069.30
2725.82
5034.90
2743.58
5002.13
2758.78
4987.54
2753.50
4987.28
2743.21
4963.86
2746.44
4936.09
2755.28
4963.76
2764.11
4973.83
2756.60
4999.24
2762.84
5000.28
2752.98
4996.25
2743.62
4995.10
2733.97
4984.39
2727.38
4960.33
2733.09
4954.87
2724.43
4929.95
2731.62
4960.73
2747.59
4978.09
2746.38
4947.95
2761.60
4916.25
2779.45
4922.34
2771.24
4913.15
2764.42
4930.28
2763.45
4925.55
2755.09
4908.28
2754.53
4878.43
2770.73
4888.48
2764.75
4886.15
2756.14
4899.25
2752.40
4891.30
2745.61
4915.03
2753.48
4904.86
2748.01
4901.40
2739.92
4914.39
2736.58
4921.90
2729.97
4932.72
2725.28
4926.48
2718.30
4923.43
2710.48
4953.08
2729.62
4960.47
2723.28
4965.10
2715.98
4974.49
2710.85
5001.07
2725.39
5029.06
2742.37
5012.11
2743.64
4984.03
2760.95
4994.33
2756.53
5005.52
2752.80
5028.64
2762.38
5040.65
2759.38
