6747
2238
6122
7583
2598
6873
4947
5321
903
8879
6530
6965
821
7953
4505
2040
2977
8881
4752
4734
5443
5994
3329
8210
4997
7528
1961
959
2406
5570
9866
7787
7280
1569
214
9410
213
7924
4438
596
8446
5267
3828
7720
8349
8880
7557
9236
3518
634
6041
3809
7972
6928
910
2577
7682
3215
9237
7251
6791
5475
6431
3814
9114
9114
6626
553
5752
6828
9811
5605
6051
969
4825
4966
4028
5436
5311
4964
6624
5688
3539
3660
2636
132
6255
7667
6628
485
4924
9659
7306
8368
8099
450
4384
3652
1331
5941
8894
1311
5296
1452
1111
3840
4109
6807
2633
5350
1096
9172
939
2606
6071
5776
3494
1750
8777
5103
6017
7080
1820
4430
5149
7630
4378
411
8543
952
563
709
3062
4952
1826
1187
8727
6354
8506
5144
4432
4833
3464
1519
4169
1317
9454
7531
487
192
5837
3525
7534
4202
2249
251
6457
4519
6970
3627
8712
3267
4342
7031
6154
6718
3890
4415
9933
6210
5752
6580
9573
9871
2064
69
6807
6986
9144
7191
-1
