7631.00
0.00
6920.50
710.50
5896.33
1560.25
6149.50
1420.58
6125.80
1271.49
6707.50
1743.31
6757.71
1618.67
7151.25
1837.57
6770.00
2040.66
6556.90
2038.77
6398.27
2007.57
6252.17
1982.24
6110.15
1966.99
6345.21
2076.29
6220.67
2059.31
6095.06
2052.40
5801.82
2310.93
5891.72
2276.20
5931.16
2221.80
5998.80
2185.52
5982.57
2134.09
5846.95
2175.67
5977.48
2214.17
5963.50
2168.58
5772.92
2320.85
5752.50
2278.07
5827.74
2268.17
5893.75
2253.55
6015.41
2306.04
5976.60
2276.90
5983.00
2240.15
5964.62
2207.24
5879.36
2226.41
5877.03
2193.46
5735.71
2313.61
5720.25
2283.08
5729.73
2252.74
5702.47
2229.07
5670.79
2208.96
5630.57
2195.59
5666.24
2180.35
5581.81
2221.04
5549.40
2205.09
5638.86
2257.46
5530.82
2344.46
5622.22
2398.52
5618.45
2373.00
5647.29
2356.46
5623.18
2338.27
5625.98
2314.85
5630.59
2292.27
5634.35
2270.28
5690.74
2285.23
5609.98
2339.06
5568.75
2337.43
5595.87
2325.18
5586.79
2305.70
5618.21
2298.01
5595.22
2285.17
5507.83
2363.37
5534.70
2353.14
5546.27
2335.83
5484.70
2367.40
5554.75
2413.75
5575.37
2400.78
5608.48
2397.44
5552.00
2423.32
5594.26
2430.19
5642.72
2445.39
5581.34
2480.82
5623.37
2488.25
5578.56
2499.59
5551.05
2493.36
5525.22
2486.27
5583.76
2520.47
5628.42
2533.53
5630.83
2517.11
5599.35
2516.14
5553.91
2532.16
5545.98
2517.27
5499.26
2536.34
5548.55
2559.56
5578.92
2558.91
5611.70
2561.11
5550.34
2607.38
5553.47
2592.33
5548.93
2577.74
5502.09
2600.02
5507.75
2585.91
5536.01
2585.29
5548.85
2573.93
5513.42
2582.11
5502.15
2570.46
5507.88
2557.35
5554.39
2583.51
5551.21
2570.20
5507.90
2591.90
5513.15
2579.16
5502.77
2568.16
5473.87
2571.41
5466.29
2559.77
5504.02
2575.26
5533.57
2580.06
5570.72
2595.15
5562.85
2584.01
5557.25
2572.44
5576.38
2567.96
5591.85
2561.04
5550.52
2585.20
5581.73
2593.96
5602.57
2591.48
5608.70
2580.70
5595.89
2572.82
5561.32
2587.74
5596.40
2603.54
5578.47
2599.42
5572.41
2589.10
5606.42
2604.22
5586.39
2602.36
5570.04
2597.62
5526.64
2630.20
5558.16
2642.25
5530.57
2649.07
5502.60
2656.54
5510.75
2647.45
5509.79
2636.95
5491.87
2634.23
5483.91
2625.46
5450.33
2642.72
5409.54
2672.98
5430.05
2673.01
5454.59
2677.64
5457.79
2667.81
5454.54
2658.10
5478.19
2662.34
5442.41
2684.91
5464.43
2687.39
5496.57
2703.93
5510.90
2699.44
5534.96
2704.69
5543.57
2697.01
