7631
6210
3848
6909
6031
9616
7059
9906
3720
4639
4812
4645
4406
9401
4477
4211
1110
7420
6641
7284
5658
2999
8849
5642
1199
5242
7784
7676
9422
4851
6175
5395
3151
5800
931
5179
6071
4694
4467
4062
7093
2120
4188
9486
777
9735
5445
7003
4466
5763
5861
5826
8623
1330
3342
7088
5078
7409
4262
352
7147
6252
1667
9968
6895
7761
1824
8426
8938
1346
8565
2397
3571
3639
9916
8978
5814
3175
2010
4919
1762
9541
8069
8333
396
5819
5159
1427
6006
8051
6704
2290
4465
6041
9926
5249
1350
6023
4485
2613
4708
9315
8548
9397
4744
4969
7605
7247
1087
8983
7895
6289
4162
1655
9595
3516
4870
9585
3223
3625
318
9372
2165
2062
6522
5390
3234
4472
1152
148
8097
8669
5880
5022
8647
613
8459
9900
7488
8879
6750
-1
