1672
6221
2342
1523
590
4205
6406
3329
4828
6168
2159
8048
2864
3836
3551
1108
3784
1520
7186
8999
9743
6265
3577
9793
2713
6646
3182
1576
1221
5366
8631
6839
9126
7561
8037
9496
6754
2531
2074
4049
8717
607
9679
8911
3453
3003
6499
3142
6630
8873
4912
7860
9000
9458
1241
8400
9728
1632
7396
5579
4033
4847
3642
2304
517
4547
2402
7130
8054
6230
7801
4019
6168
5692
7325
8400
6572
6513
5671
9531
6464
2642
2941
1484
9447
414
39
6379
8788
6802
9741
8749
8827
9552
5832
6181
2035
3724
3632
3879
6751
4104
781
4354
2053
890
2443
9823
5078
6917
1598
7972
6741
2906
451
2758
4222
4414
1119
5509
5380
8355
4320
1669
4762
4984
7460
2605
852
1979
4588
296
7406
344
415
6917
1671
685
3069
4445
9609
5428
-1
