1672.00
0.00
3946.50
2274.50
3411.67
2005.24
2939.50
1919.52
2469.60
1957.26
2758.83
1900.18
3279.86
2173.40
3286.00
2033.09
3457.33
1977.13
3728.40
2044.36
3585.73
2000.76
3957.58
2278.27
3873.46
2208.20
3870.79
2127.90
3849.47
2057.29
3678.12
2099.59
3684.35
2037.05
3564.11
2040.80
3754.74
2144.70
4016.95
2382.46
4289.62
2625.41
4379.41
2597.84
4344.52
2546.00
4571.54
2719.82
4497.20
2689.64
4579.85
2669.59
4528.07
2632.95
4422.64
2642.91
4312.24
2661.84
4347.37
2623.92
4485.55
2689.93
4559.09
2679.04
4697.48
2751.84
4781.71
2753.91
4874.71
2767.93
5003.08
2832.91
5050.41
2808.75
4984.11
2800.73
4909.49
2802.60
4887.97
2770.60
4981.37
2799.62
4877.21
2845.35
4988.88
2903.70
5078.02
2929.42
5041.91
2906.58
4997.59
2890.15
5029.53
2867.43
4990.21
2850.19
5023.67
2830.46
5100.66
2853.37
5096.96
2825.38
5150.10
2823.69
5222.74
2845.55
5301.17
2876.33
5227.35
2901.23
5284.00
2905.74
5361.96
2938.64
5297.66
2953.38
5333.22
2940.74
5337.32
2916.31
5315.93
2897.04
5308.37
2874.19
5281.92
2858.88
5235.39
2860.40
5162.80
2897.11
5153.47
2876.07
5112.40
2873.95
5142.07
2863.06
5184.28
2863.47
5199.21
2845.65
5235.86
2842.12
5218.96
2825.91
5231.96
2808.65
5238.18
2790.11
5266.00
2781.77
5307.24
2786.39
5323.66
2771.93
5338.91
2757.36
5343.11
2740.10
5395.46
2762.39
5408.65
2747.82
5374.91
2747.84
5345.59
2744.12
5299.62
2759.70
5348.41
2779.63
5291.03
2813.59
5230.67
2852.85
5243.72
2839.20
5283.54
2847.81
5300.41
2836.42
5349.21
2858.52
5386.16
2864.72
5423.16
2871.29
5467.09
2887.22
5470.93
2872.22
5478.32
2858.13
5442.82
2864.56
5425.29
2855.14
5407.17
2846.33
5391.89
2836.14
5405.35
2825.28
5392.59
2814.31
5347.82
2836.89
5338.26
2824.88
5306.97
2829.45
5265.30
2848.26
5238.93
2847.89
5281.37
2868.48
5279.50
2855.35
5294.39
2846.59
5261.09
2855.18
5285.29
2853.82
5298.18
2844.44
5277.19
2840.71
5235.23
2863.60
5213.87
2860.42
5205.39
2849.63
5198.69
2838.45
5164.40
2850.93
5167.27
2839.20
5169.03
2827.51
5195.15
2830.51
5188.03
2820.08
5159.65
2826.26
5156.47
2815.16
5155.10
2804.01
5173.25
2800.37
5153.19
2798.55
5119.84
2813.09
5095.68
2815.66
5091.81
2805.24
5055.48
2825.36
5073.15
2822.03
5037.86
2840.79
5003.61
2857.87
5017.68
2852.04
4993.26
2855.85
4962.04
2868.85
4948.42
2862.99
4944.82
2853.06
4977.90
2869.74
4981.07
2859.87
