8075.00
0.00
6651.00
1424.00
4949.67
2672.25
4435.25
2479.83
4331.00
2227.81
4781.00
2269.02
4852.29
2107.95
5284.38
2279.24
5671.44
2411.70
5512.10
2337.34
5102.45
2577.71
5321.50
2572.68
5671.08
2752.45
5503.86
2719.99
5298.13
2738.19
5434.38
2703.24
5579.65
2686.13
5524.17
2620.45
5570.26
2558.05
5700.40
2556.99
5803.71
2537.78
5821.73
2480.81
5702.48
2489.91
5501.58
2620.99
5329.04
2703.58
5358.19
2655.08
5469.33
2666.37
5559.04
2659.49
5398.69
2747.52
5247.60
2821.22
5128.58
2850.87
5052.31
2837.92
4924.55
2886.55
4843.65
2881.50
4835.69
2840.42
4850.64
2802.09
4847.46
2764.03
4727.34
2823.59
4710.67
2789.05
4696.65
2755.35
4756.12
2747.41
4651.29
2796.28
4636.16
2765.31
4587.36
2752.37
4592.60
2721.84
4689.33
2769.18
4715.68
2745.39
4686.79
2723.85
4634.14
2720.48
4578.26
2721.40
4554.49
2699.82
4545.38
2674.53
4645.23
2745.27
4687.22
2736.86
4655.93
2721.60
4715.93
2733.65
4730.23
2711.67
4820.69
2773.60
