2201.00
0.00
2488.50
287.50
3814.00
1889.18
3108.00
2042.56
3822.00
2318.80
4740.83
2949.91
4420.57
2841.52
4898.25
2943.16
5435.44
3163.60
5732.70
3130.94
5380.73
3185.98
5734.08
3267.73
5533.69
3215.36
5688.71
3148.41
5587.93
3064.94
5858.69
3147.44
5571.88
3261.86
5376.72
3270.49
5183.79
3286.82
5418.80
3363.39
5352.62
3295.65
5295.41
3230.53
5133.17
3249.87
5335.21
3325.72
5274.64
3272.00
5369.35
3243.22
5301.85
3201.15
5175.36
3211.45
5054.52
3219.72
5176.67
3233.23
5288.06
3238.65
5280.62
3187.91
5390.15
3199.79
5487.18
3201.28
5599.69
3222.70
5470.72
3267.93
5484.08
3224.47
5402.18
3220.52
5273.74
3276.08
5245.88
3239.54
5318.78
3232.85
5198.36
3285.88
5149.44
3262.89
5237.75
3277.16
5274.47
3249.68
5166.57
3294.66
5179.30
3260.57
5240.17
3253.30
5256.98
3222.04
5344.66
3248.17
5397.37
3237.69
5370.81
3212.02
5415.42
3197.79
5346.81
3207.16
5263.85
3235.82
5268.48
3206.98
5204.26
3214.85
5136.00
3228.42
5165.36
3208.74
5121.67
3199.53
5174.98
3199.96
5212.18
3187.32
5220.08
3162.53
5185.45
3149.74
5256.86
3177.20
5301.32
3173.34
5337.85
3163.52
5266.22
3194.45
5272.78
3171.67
5241.07
3159.94
5237.87
3137.72
5200.63
3131.62
5141.26
3150.63
5175.30
3142.75
5180.25
3122.02
5209.75
3111.91
5228.74
3096.07
5241.77
3078.28
5243.66
3058.78
5270.83
3049.18
5241.33
3041.76
5182.35
3069.40
5227.88
3078.58
5262.38
3076.30
5311.78
3091.48
5346.42
3090.01
5349.20
3072.30
5373.68
3063.32
5406.75
3061.82
5435.23
3056.60
5444.40
3041.00
5386.10
3075.13
5390.47
3058.84
5353.78
3063.04
5388.24
3065.15
5357.36
3063.96
5358.07
3048.13
5393.11
3052.11
5364.15
3050.16
5355.14
3036.20
5386.35
3037.20
5399.60
3025.21
5372.64
3022.77
5407.23
3028.62
5361.18
3050.53
5334.14
3048.72
5374.28
3062.45
5364.93
3049.78
5328.98
3058.65
5283.00
3082.33
5255.82
3081.63
5258.82
3068.00
5245.33
3057.73
5251.67
3045.04
5259.35
3032.88
5295.54
3044.62
5278.67
3037.03
5241.53
3050.69
5233.00
3039.26
5254.32
3035.49
5286.79
3043.78
5301.22
3035.43
5291.53
3024.96
5272.17
3020.38
5289.57
3014.50
5256.75
3024.85
5238.75
3019.69
5272.33
3031.58
5294.98
3030.66
5321.28
3033.73
5299.37
3032.45
5272.33
3036.74
5261.16
3028.03
5268.51
3017.90
5275.92
3007.92
5279.71
2997.17
5267.35
2989.69
5264.30
2979.05
5243.95
2977.92
5261.53
2974.50
5264.37
2964.12
5251.18
2957.82
5266.07
2952.80
5250.31
2948.56
5243.19
2939.61
5266.10
2942.49
5249.14
2939.61
5250.44
2929.70
5274.74
2934.79
5261.84
2929.23
5264.32
2919.67
5263.36
2910.08
5246.25
2908.21
5270.11
2913.74
5252.79
2912.27
5268.51
2909.52
5292.22
2915.31
