2201
2776
6465
990
6678
9335
2499
8242
9733
8408
1861
9621
3129
7704
4177
9920
983
2059
1711
9884
4029
4094
1564
9982
3821
7737
3547
1760
1671
8719
8630
5050
8895
8689
9425
957
5965
2372
393
4159
8235
261
3095
9035
6890
311
5765
8101
6064
9641
8033
4016
7735
1711
784
5523
1608
1245
6868
2544
8374
7481
5710
3004
9827
8191
7749
467
5719
3053
5014
2556
867
7660
5547
7422
6672
6245
5391
7417
2882
405
8961
8126
9461
8291
5588
7504
8317
7970
6269
81
5793
1941
8628
2424
5426
8792
2526
4463
8507
6738
2623
8970
572
2495
9629
4364
1447
271
2266
5592
3734
5968
6135
9458
3321
897
4226
7792
9183
7047
4109
2891
7447
1155
2970
9537
8194
8715
2450
1731
3786
6247
6268
5792
3586
4846
2436
7705
5662
3391
7381
2996
4218
8588
2774
5441
8872
3339
5637
5117
2646
8921
2585
7706
8990
-1
