5449.00
0.00
5557.00
108.00
6870.67
1859.90
5368.25
3060.42
6238.20
3243.49
6857.50
3268.71
6266.57
3354.60
6662.75
3308.38
5954.89
3706.45
5859.70
3527.82
5751.73
3380.93
5371.17
3474.37
5096.31
3471.20
4818.29
3491.91
4728.27
3390.28
4966.50
3409.83
5145.41
3384.54
5017.39
3331.27
4803.79
3366.68
4686.35
3321.12
4912.29
3394.93
5072.18
3396.85
5271.52
3451.25
5053.83
3536.20
4908.64
3537.02
5079.46
3571.95
5257.67
3621.04
5165.68
3587.78
5057.31
3571.71
5001.83
3524.36
5003.19
3467.06
4900.62
3459.91
4833.21
3428.36
4944.79
3437.85
4819.23
3466.58
4779.00
3426.37
4771.46
3380.06
4896.84
3421.37
4883.62
3378.21
4807.10
3369.77
4763.83
3339.65
4859.29
3355.79
4978.30
3405.05
4866.02
3445.71
4926.20
3430.51
4877.22
3408.89
4887.77
3373.19
4841.12
3353.15
4869.61
3324.62
4790.68
3337.26
4786.41
3304.52
4813.44
3278.28
4735.17
3295.90
4652.35
3320.43
4659.04
3290.48
4734.36
3308.46
4790.93
3306.53
4831.02
3291.84
4907.41
3315.27
4902.25
3287.76
4897.61
3260.90
4883.03
3236.50
4957.38
3263.64
4882.17
3292.61
4924.49
3284.68
4989.88
3302.05
4965.21
3283.44
4959.09
3259.59
4968.80
3236.88
5024.43
3246.73
5088.58
3268.15
5106.57
3248.92
5152.90
3250.45
5208.39
3263.04
5246.84
3258.05
5207.71
3254.23
5208.14
3233.03
5234.44
3220.52
5219.92
3202.64
5162.71
3222.92
5218.16
3241.14
5240.88
3227.79
5290.33
3239.39
5257.23
3234.14
5196.06
3263.56
5140.07
3285.34
5121.34
3271.02
5145.33
3260.06
5137.25
3242.58
5091.21
3253.64
5070.58
3241.62
5040.89
3236.37
5082.31
3243.35
5082.18
3226.05
5090.55
3210.06
5121.46
3207.47
5121.73
3190.90
5159.30
3196.06
5196.90
3201.59
5185.65
3187.51
5153.07
3188.38
5123.85
3186.27
5130.49
3171.47
5168.37
3179.52
5128.00
3191.00
5129.07
3175.93
5107.69
3168.71
5152.49
3187.87
5112.18
3200.74
5137.49
3197.09
5158.45
3190.24
5138.80
3182.71
5153.52
3172.42
5171.95
3164.54
5177.17
3151.24
5184.47
3138.61
5162.97
3133.73
5121.31
3152.80
5134.49
3142.79
5156.59
3138.94
5166.46
3127.81
5144.91
3123.98
5111.59
3132.95
5079.81
3140.13
5076.75
3127.73
5078.98
3115.39
5094.50
3107.99
5062.40
3116.88
5089.91
3120.35
5064.07
3122.15
5054.35
3112.19
5048.20
3101.17
5036.40
3092.47
5030.85
3081.57
5031.74
3070.15
5023.28
3060.43
5026.22
3049.43
5014.59
3041.40
5012.28
3030.57
5038.90
3035.99
5025.33
3029.46
5007.27
3026.38
5033.85
3032.37
5058.17
3035.77
5029.43
3044.87
5055.29
3050.36
5053.70
3040.03
5083.17
3050.73
5074.90
3042.14
5092.13
3039.27
5072.78
3038.44
5103.22
3051.44
5071.48
3066.51
5049.09
3069.06
5051.34
3059.27
5024.56
3067.62
4994.32
3081.07
5003.35
3073.39
5009.28
3064.62
5010.40
3055.06
5004.44
3046.49
5024.96
3048.20
5041.26
3045.91
5015.97
3053.73
5033.13
3052.38
5057.65
3059.43
5068.46
3053.44
5085.34
3052.14
5066.64
3052.73
5075.74
3046.04
5051.10
3054.06
5023.12
3067.06
5050.21
3078.76
5057.92
3071.57
5059.86
3062.89
5038.93
3066.69
