5449
5665
9498
861
9718
9954
2721
9436
292
5003
4672
1185
1798
1204
3468
8540
8008
2841
959
2455
9431
8430
9657
47
1424
9350
9891
2682
2023
3393
5044
1721
2676
8627
550
3371
4500
9536
4381
1823
3033
8773
9977
38
7574
2673
5373
2649
6237
923
4573
6192
665
263
5020
8877
7959
7116
9338
4598
4619
3994
9567
144
7633
9240
3337
4549
5629
8863
9579
6384
8489
9259
8092
2273
5241
7259
4088
643
9654
7081
9345
2510
58
381
3511
7232
4426
994
3214
2339
8893
5070
5877
8058
5148
8803
8882
4072
1895
2173
5807
9070
930
5241
2842
9946
759
7896
7464
2958
6802
7254
5772
6024
2669
247
6690
7787
6351
2537
1046
1171
4698
5358
7049
986
8612
1730
3791
4243
3478
4293
5151
3881
5426
3422
4693
8739
3126
2461
8808
8535
892
8805
4821
9415
3851
7659
2171
9699
248
1623
5397
874
277
6422
5945
5189
4051
8328
7682
894
7847
9104
6863
7904
1925
6613
863
239
9710
6391
5397
1377
-1
