1125
6862
9082
1869
1416
7886
2060
7248
2730
8151
6390
2801
4275
452
4312
6121
1488
5798
2296
6485
1536
9287
6675
444
6292
8156
2335
3711
6940
7353
8243
8078
2792
5381
1976
7745
6274
7773
9954
1783
1752
8054
1796
81
9388
9093
1637
80
460
2100
6159
7380
9744
4706
281
3034
765
5150
7932
9851
6711
7660
3748
6183
2118
1603
8833
3318
5747
7199
4582
7801
9269
9209
9395
6273
8297
4773
7550
4719
7378
7238
588
2967
8715
5209
7943
1318
1663
4325
7130
858
4390
9747
1857
6178
2807
8259
4347
6412
2014
4275
4270
4946
2501
3434
774
600
5862
4793
1825
5400
3232
4239
5973
4784
6024
9010
9152
667
6015
9559
3316
5001
6149
7840
797
9478
6384
7636
3015
3159
7353
6420
6013
9356
1818
8286
998
9511
7927
7635
2046
4850
5795
2234
6586
4695
2203
2347
8381
5198
4284
6338
9334
7192
2142
7479
8060
3096
2915
639
3558
6143
5521
8569
5384
1621
8760
7675
4860
498
3834
7230
1975
8343
2746
8937
6704
788
-1
