1125.00
0.00
3993.50
2868.50
5689.67
3352.53
4734.50
3341.65
4070.80
3270.37
4706.67
3306.72
4328.57
3198.45
4693.50
3143.81
4475.33
3027.56
4842.90
3076.60
4983.55
2966.95
4801.67
2903.98
4761.15
2793.58
4453.36
2911.74
4443.93
2813.23
4548.75
2753.99
4368.71
2767.12
4448.11
2709.01
4334.84
2680.19
4442.35
2654.03
4303.95
2662.99
4530.45
2801.17
4623.70
2774.29
4449.54
2841.40
4523.24
2807.30
4662.96
2840.05
4576.74
2821.43
4545.82
2775.24
4628.38
2761.74
4719.20
2759.02
4832.87
2784.65
4934.28
2798.35
4869.36
2779.98
4884.41
2740.16
4801.31
2743.85
4883.08
2748.38
4920.68
2720.35
4995.74
2722.88
5122.87
2799.67
5039.38
2813.20
4959.20
2824.57
5032.88
2830.35
4957.60
2839.47
4846.77
2899.57
4947.69
2944.28
5037.80
2974.19
4965.45
2983.02
4863.67
3033.13
4773.80
3065.92
4720.32
3058.10
4748.53
3034.53
4799.13
3026.86
4892.43
3072.73
4888.98
3044.25
4805.20
3078.64
4773.57
3060.03
4703.25
3078.39
4710.95
3052.29
4765.54
3054.74
4850.30
3098.35
4880.80
3081.92
4925.63
3076.94
4906.94
3055.97
4926.88
3036.13
4883.66
3032.46
4833.95
3035.96
4893.64
3051.99
4870.47
3035.39
4883.17
3015.14
4916.26
3006.11
4911.55
2985.13
4951.68
2983.55
5010.82
3005.24
5067.55
3023.96
5125.25
3044.47
5140.36
3027.20
5181.35
3028.64
5176.12
3009.51
5206.16
3002.16
5200.08
2983.83
5226.96
2975.09
5251.49
2965.12
5195.30
2990.80
5168.77
2982.75
5210.49
2989.70
5210.48
2972.27
5241.89
2969.46
5197.30
2981.69
5157.58
2988.20
5148.33
2972.83
5170.11
2963.66
5123.24
2981.23
5115.35
2966.13
5164.63
2988.33
5129.81
2991.66
5140.73
2977.94
5116.67
2971.92
5148.73
2973.53
5140.64
2959.56
5153.35
2947.44
5122.27
2949.24
5113.96
2935.93
5105.77
2922.82
5104.23
2908.77
5079.44
2905.91
5063.92
2896.54
5023.82
2912.37
4982.86
2929.66
4990.93
2917.40
4989.13
2904.17
4960.62
2906.47
4964.54
2893.76
4949.21
2885.50
4942.98
2873.58
4951.94
2862.65
4950.49
2850.33
4959.67
2839.84
4993.99
2852.05
5028.93
2865.29
4992.58
2880.75
5001.03
2870.32
5038.39
2887.92
5024.39
2880.31
5024.20
2868.67
5033.20
2858.93
5055.48
2858.44
5021.94
2871.93
5056.76
2887.47
5067.05
2878.61
5086.81
2876.29
5070.99
2870.96
5056.51
2864.86
5073.77
2860.96
5083.82
2852.62
5090.70
2843.15
5122.07
2856.02
5097.95
2859.44
5121.05
2861.86
5091.39
2872.76
5122.96
2886.58
5142.84
2885.93
5160.39
2883.29
5138.62
2884.89
5136.61
2874.96
5141.15
2865.55
5121.24
2865.76
5131.20
2858.54
5128.26
2849.09
5108.62
2849.54
5090.21
2848.90
5112.01
2851.97
5112.57
2842.58
5107.16
2834.06
5115.15
2826.57
5142.37
2837.62
5155.51
2833.23
5136.31
2834.35
5151.14
2831.47
5169.43
2831.90
5156.48
2827.77
5142.55
2824.47
5114.75
2837.74
5105.20
2831.64
5111.53
2824.15
5114.01
2815.75
5134.83
2819.96
5136.32
2811.57
5115.39
2816.20
5136.96
2821.74
5151.89
2820.11
5150.18
2811.94
5123.13
2825.98
5115.68
2819.49
5127.83
2815.92
5109.82
2817.90
5128.19
2820.37
5114.73
2818.06
5136.20
2824.61
5144.96
2819.14
5120.76
2829.89
