30.00
0.00
1004.50
974.50
1524.33
1083.31
1310.50
1008.63
1989.00
1629.52
2865.50
2460.49
3032.29
2314.32
2676.50
2360.65
2690.00
2225.97
2754.70
2120.64
3074.36
2260.56
3594.58
2767.89
3459.38
2700.23
3301.43
2663.60
3644.20
2875.18
3975.19
3064.85
4319.29
3276.48
4210.83
3215.41
3990.11
3266.76
4029.20
3188.60
3987.00
3117.47
4156.27
3143.02
4031.48
3129.17
4007.38
3065.47
3868.08
3080.08
3794.00
3042.89
3695.33
3028.10
3899.75
3157.55
3966.31
3122.56
4143.43
3214.83
4142.03
3162.57
4152.94
3113.35
4200.27
3077.49
4205.85
3032.06
4331.74
3077.27
4423.06
3081.94
4530.81
3108.00
4603.68
3098.70
4584.79
3060.93
4517.20
3051.76
4631.17
3099.30
4632.40
3062.19
4632.60
3026.38
4663.66
2998.71
4582.82
3013.30
4506.63
3023.87
4428.94
3037.59
4483.98
3029.37
4584.49
3078.10
4613.34
3053.85
4693.88
3076.93
4722.54
3054.07
4813.38
3095.23
4875.80
3099.92
4932.29
3099.54
5008.41
3123.18
4987.51
3099.61
4927.03
3106.51
4849.49
3136.17
4831.88
3112.87
4837.21
3087.52
4782.06
3092.67
4770.78
3069.31
4743.83
3052.74
4781.17
3043.86
4719.26
3061.67
4668.63
3066.45
4643.54
3050.74
4688.59
3051.25
4679.74
3030.27
4753.23
3071.02
4760.99
3050.32
4810.77
3058.66
4879.65
3094.41
4855.61
3080.66
4900.45
3084.85
4911.65
3066.31
4872.03
3066.37
4849.72
3053.26
4864.22
3036.86
4849.20
3021.04
4878.05
3013.77
4828.86
3028.50
4810.27
3015.18
4830.00
3002.84
4792.86
3004.90
4760.78
3002.36
4793.95
3001.24
4792.22
2984.38
4784.16
2968.73
4740.15
2981.73
4751.63
2967.51
4783.34
2967.14
4780.44
2951.45
4813.83
2953.67
4809.32
2938.58
4775.77
2941.82
4757.88
2932.07
4786.43
2930.89
4815.02
2930.04
4805.54
2917.03
4846.81
2932.18
4835.78
2920.04
4855.95
2913.17
4886.21
2915.64
4855.91
2918.42
4830.56
2916.45
4843.32
2905.92
4836.06
2893.54
4878.75
2914.64
4881.55
2901.63
4845.71
2913.22
4811.51
2922.79
4778.16
2931.47
4813.14
2942.50
4826.04
2933.05
4825.02
2920.51
4828.92
2908.42
4839.55
2898.47
4832.94
2887.27
4866.16
2898.25
4883.29
2892.49
4845.44
2910.88
4868.73
2910.60
4900.50
2920.45
4937.20
2937.63
4941.02
2926.36
4979.16
2946.41
4972.60
2935.90
5005.92
2948.96
4971.44
2963.87
4974.00
2952.77
4962.53
2944.60
4980.92
2941.24
4988.26
2931.56
4989.85
2920.82
5018.57
2929.34
5051.27
2943.70
5017.51
2959.78
5020.51
2949.40
4989.38
2961.91
4974.15
2957.00
4998.35
2960.72
5021.94
2963.89
5019.93
2953.75
5006.62
2947.98
5012.56
2938.81
4998.96
2933.50
4965.66
2951.57
4987.79
2954.08
5020.03
2970.64
5032.85
2965.04
5062.42
2977.74
5060.46
2968.15
5076.46
2965.21
5073.52
2955.92
5044.74
2968.34
5048.91
2959.39
5030.53
2959.09
5013.78
2957.39
4997.27
2955.57
5010.72
2951.37
5030.27
2952.81
5044.98
2949.78
5054.75
2943.48
5026.10
2957.58
5027.32
2948.75
5046.91
2950.84
5040.38
2943.32
5024.37
2942.02
5017.82
2934.64
5035.23
2934.94
5046.36
2930.09
