30
1979
2564
669
4703
7248
4033
186
2798
3337
6271
9317
1837
1248
8443
8940
9825
2367
17
4772
3143
7711
1286
3453
525
1942
1130
9419
5830
9280
4100
4491
5715
4390
8612
7619
8410
7300
3867
1881
9190
4683
4641
5999
1026
1078
855
7071
9409
6027
8721
6184
9537
8184
7983
9195
3817
1480
352
3793
5157
1418
4071
3046
7171
695
1327
2963
7752
4069
9897
5312
8395
9908
3077
8263
5763
1821
3110
6010
3647
7215
795
3268
6487
1636
2002
7680
4640
4066
780
5796
7701
4510
7953
4381
1555
3022
7585
7645
3858
9015
3710
6934
8033
1674
2144
6209
4051
9532
5190
868
981
1009
8801
6310
4706
5286
6094
4046
8852
6956
228
7733
8841
9524
5423
9822
4134
9303
489
5310
3449
7426
5972
5205
8924
9531
359
5437
631
2827
8435
8396
4730
3076
5880
3000
38
8284
9856
6969
9557
4761
7540
4618
555
5703
2128
2350
2356
7176
8197
7443
6656
300
5229
8319
3943
2319
3905
8011
6962
-1
