1579.00
0.00
2185.50
606.50
3944.00
2535.72
4162.00
2228.22
3816.20
2109.57
4290.83
2198.85
4876.14
2489.93
4964.38
2340.79
4518.67
2541.60
4732.60
2495.13
4449.55
2541.83
4415.75
2436.20
4427.46
2340.97
4806.71
2637.90
4963.73
2615.30
5165.19
2649.73
5056.35
2607.22
5314.17
2747.71
5202.53
2716.04
4974.00
2828.48
4963.57
2760.71
4774.00
2833.68
4984.35
2941.78
4860.42
2940.53
5028.04
2995.86
4983.85
2945.98
4965.59
2892.41
4878.04
2876.50
4762.10
2892.28
4926.90
2978.93
4931.23
2930.58
4979.75
2897.05
4954.39
2856.42
5006.56
2830.01
5138.00
2892.67
5039.28
2911.40
4977.84
2895.35
4915.63
2881.95
4899.79
2846.43
