7968.00
0.00
5717.50
2250.50
5634.33
1841.29
5346.50
1670.72
4632.40
2067.07
4518.33
1904.13
3930.86
2275.64
3651.25
2253.55
3627.22
2125.75
3436.70
2096.10
4015.45
2709.94
4229.33
2689.79
4300.00
2595.84
4361.79
2511.31
4286.40
2442.50
4134.50
2437.01
4319.88
2477.81
4599.00
2668.87
4438.47
2685.48
4538.85
2653.80
4399.29
2663.99
4553.45
2696.93
4744.04
2785.01
4564.63
2858.94
4449.16
2857.72
4624.08
2935.53
4715.00
2917.73
4702.36
2865.90
4602.79
2864.92
4480.30
2892.97
4347.84
2936.95
4427.56
2924.58
4303.09
2964.75
4256.74
2932.94
4170.74
2933.91
4276.14
2959.30
4303.54
2923.67
4255.66
2899.61
4193.95
2887.36
4137.63
2872.65
4160.59
2841.12
4165.36
2807.26
4082.21
2826.27
4028.70
2815.91
3982.07
2801.58
3998.30
2773.10
3978.17
2746.84
3907.04
2761.47
3951.55
2750.49
3945.26
2723.20
3871.55
2746.28
3876.81
2720.01
3891.51
2696.31
3910.31
2674.73
3954.82
2670.41
4036.39
2714.72
4137.44
2795.03
4091.57
2792.39
4137.63
2790.76
4164.65
2775.18
4258.70
2847.13
4217.34
2842.49
4217.52
2819.84
4295.61
2865.55
4319.03
2849.59
4307.61
2829.42
4309.40
2808.27
4343.76
2801.69
4305.70
2798.98
4348.01
2801.06
4339.79
2782.11
4379.26
2782.68
4373.99
2763.92
4355.93
2749.51
4354.68
2731.14
4423.07
2777.00
4377.79
2786.99
4359.62
2773.66
4304.73
2798.35
4257.06
2812.90
4207.19
2830.85
4174.84
2828.56
4148.66
2821.44
4175.23
2815.02
4149.74
2808.14
4110.33
2815.32
4139.40
2812.05
4176.45
2817.31
4141.55
2820.50
4127.72
2807.82
