7851.00
0.00
8782.00
931.00
8947.00
795.17
6930.25
3560.35
7286.20
3263.07
6256.83
3764.44
5438.86
4020.09
5812.50
3888.22
5925.67
3679.79
5625.40
3605.31
5306.45
3582.43
5376.42
3437.76
5713.23
3502.92
5858.71
3416.01
5628.80
3410.46
5482.62
3350.34
5739.94
3409.38
5663.61
3328.24
5755.58
3262.88
5494.65
3377.52
5353.81
3355.77
5199.82
3353.70
5255.48
3290.35
5088.08
3319.61
5041.28
3260.61
4880.23
3297.14
4991.41
3284.79
4893.43
3265.53
4850.59
3216.73
4750.90
3207.90
4674.58
3183.30
4585.56
3172.13
4588.97
3123.75
4540.94
3089.82
4422.37
3122.85
4545.31
3163.90
4670.68
3210.22
4682.21
3168.48
4794.56
3203.36
4892.15
3221.24
5012.05
3270.83
5042.48
3237.53
4965.98
3237.84
4888.07
3241.35
4909.98
3208.43
4817.00
3234.07
4747.34
3234.18
4839.04
3261.48
4845.16
3228.30
4874.30
3202.36
4880.39
3171.10
4927.15
3158.16
4953.85
3134.15
4902.72
3127.22
4842.16
3130.45
4864.25
3106.70
4848.30
3081.64
4932.02
3119.66
4990.73
3125.26
4971.13
3102.76
5023.44
3103.78
5026.61
3078.75
5003.75
3059.52
5073.42
3085.49
5001.34
3115.50
4983.62
3095.10
4927.76
3105.26
4968.90
3100.68
4944.49
3084.70
4930.37
3064.83
4983.49
3075.45
4955.51
3063.11
4932.45
3048.34
4875.55
3066.46
4902.60
3054.82
4944.74
3056.52
4979.16
3051.39
5015.12
3048.15
5009.39
3029.21
5033.86
3018.07
4993.44
3021.09
5001.45
3003.47
4959.78
3009.08
4923.10
3009.73
4907.76
2995.27
4882.06
2987.22
4883.10
2970.02
4856.92
2963.18
4902.40
2977.22
4942.19
2984.33
4901.10
2993.37
4906.27
2977.47
4903.60
2961.53
4909.87
2946.35
4859.87
2970.63
4840.74
2960.99
4876.43
2966.38
4869.54
2951.98
4853.77
2941.19
4880.26
2938.29
4869.35
2925.74
4915.33
2947.82
4923.68
2934.69
4971.53
2960.64
4980.20
2947.84
4969.03
2936.13
4974.92
2923.01
4958.16
2914.60
4989.63
2919.58
4986.23
2906.50
4960.10
2906.33
4994.88
2916.43
4970.50
2914.94
4947.61
2912.30
4939.18
2901.01
4919.22
2896.40
4943.03
2895.38
4928.64
2887.28
4909.52
2882.61
4913.48
2870.90
4922.44
2860.69
4936.11
2852.91
4972.00
2868.82
4952.19
2865.66
4952.13
2854.17
4927.84
2855.76
4931.80
2844.84
4954.52
2845.25
4964.16
2836.30
4978.82
2830.27
4966.74
2822.80
4941.71
2826.64
4946.30
2816.49
4923.90
2817.83
4935.02
2810.32
4906.23
2819.88
4876.78
2830.48
4875.36
2820.26
4841.56
2838.00
4845.39
2828.20
4858.09
2822.16
4852.75
2812.92
4834.97
2811.06
4804.37
2825.09
4823.84
2825.01
4859.25
2847.42
4885.82
2855.82
4891.82
2847.09
4861.60
2861.23
4831.27
2875.60
4803.23
2886.57
4810.77
2878.55
4791.38
2879.07
4776.34
2875.73
4796.55
2877.39
4809.09
2872.39
4839.98
2889.11
4817.93
2893.17
4825.85
2885.78
4838.96
2881.49
4834.76
2873.02
4844.08
2866.58
4873.17
2881.66
4889.26
2880.20
4875.03
2877.23
4893.57
2878.42
4873.24
2881.71
4889.69
2880.98
4900.48
2875.84
4886.97
2872.75
4865.16
2878.42
4869.45
2870.59
4868.74
2862.29
4844.44
2871.89
4856.39
2868.01
4861.27
2860.58
4838.62
2868.26
4841.56
2860.46
4831.14
2855.85
4829.37
2848.00
4854.06
2859.37
4861.74
2853.37
4871.06
2848.34
4878.82
2842.53
4899.88
2849.20
4899.48
2841.54
4873.98
2855.19
4899.65
2869.13
4880.36
2873.73
4871.55
2868.71
4888.72
2870.97
4877.66
2867.56
4879.14
2860.20
4878.81
2852.82
4900.75
2861.86
4902.84
2854.70
4883.47
2860.32
4894.95
2857.64
4876.91
2861.74
4854.13
2872.61
