7851
9713
9277
880
8710
1110
531
8428
6831
2923
2117
6146
9755
7750
2410
3290
9857
4366
7411
537
2537
1966
6480
1238
3918
854
7882
2248
3651
1860
2385
1826
4698
2956
391
8848
9184
5109
9064
8698
9808
6290
1753
1538
5874
633
1543
9149
5139
6302
5185
7312
6342
2193
1572
6079
3955
9704
8396
3815
8162
5220
3586
9463
388
3832
1241
7725
3285
3956
8702
2969
3272
722
6904
8105
7595
7784
4563
6967
1760
5650
1543
1878
3620
2697
4973
2579
8905
8483
1203
5377
4658
5493
160
3023
8303
4201
3308
7503
3778
9560
5775
9900
5882
3796
5599
3165
8389
4615
2086
8855
2240
2362
3978
2623
7705
3245
2654
5385
5997
6590
9351
2516
4944
1892
5431
7840
6198
6869
3397
1663
5552
1945
6425
1019
872
4680
178
5377
6636
4101
2310
428
7628
9993
8765
5774
389
313
597
5949
1844
2476
7909
6752
9659
1356
6077
6923
4163
6345
9586
7512
2541
7952
1499
7637
6713
2604
1157
5604
4746
641
6935
5715
853
5362
2976
4513
9297
6253
6567
6298
8776
4826
131
9699
1254
3206
8152
2765
5163
4816
9157
5310
1087
7157
1304
321
-1
