6490.00
0.00
5137.50
1352.50
3452.00
2627.04
4428.25
2834.64
4657.20
2576.40
5233.83
2682.17
4602.43
2925.47
4230.62
2907.96
4664.22
3003.45
4764.40
2865.13
4585.27
2789.90
4975.42
2968.04
4598.15
3136.81
4377.14
3125.97
4113.53
3176.97
4257.62
3126.30
4508.94
3195.21
4360.56
3164.89
4393.53
3083.65
4607.75
3147.28
4462.00
3139.83
4496.64
3071.75
4704.91
3159.07
4523.79
3212.23
4731.80
3308.19
4774.15
3250.85
4893.89
3247.98
4739.00
3289.43
4718.21
3234.09
4825.63
3231.93
4738.06
3215.35
4734.53
3164.77
4605.00
3201.43
4531.35
3182.25
4417.14
3206.38
4484.94
3186.88
4630.46
3262.51
4682.87
3235.04
4803.38
3278.58
4859.10
3255.98
4890.98
3222.34
4963.17
3217.13
4872.51
3233.33
4845.05
3201.45
4769.93
3204.64
4762.43
3170.02
4809.15
3152.08
4726.40
3170.24
4688.24
3148.84
4639.32
3135.95
4692.12
3127.42
4767.71
3143.90
4845.26
3163.91
4887.35
3149.42
4868.55
3123.72
4927.75
3126.68
4992.86
3137.20
4933.48
3142.18
4973.12
3130.03
5008.93
3116.00
4934.25
3144.04
4965.31
3128.00
4912.87
3130.42
4866.61
3127.50
4928.55
3142.67
4965.68
3133.10
4965.55
3109.63
4925.37
3104.16
4975.10
3108.75
4961.49
3088.54
5001.35
3084.80
5034.58
3076.07
5089.14
3089.80
5074.28
3071.48
5035.73
3068.90
4985.75
3079.22
4938.66
3086.58
4944.97
3067.23
4968.61
3054.90
4968.71
3035.74
5015.69
3046.07
5028.76
3029.72
5070.76
3035.34
5043.33
3027.54
5027.13
3013.34
5021.14
2996.28
4967.92
3019.62
5006.85
3024.29
5061.53
3050.68
5064.03
3033.78
5085.21
3023.74
