1421.00
0.00
3418.00
1997.00
3644.00
1661.57
3256.25
1587.98
3893.40
1908.19
3622.50
1844.25
4056.57
2011.43
4627.00
2412.02
4473.22
2315.30
4356.60
2224.17
4809.73
2559.39
4900.33
2468.79
4809.62
2392.66
4719.50
2328.41
4804.27
2271.70
4613.88
2319.88
4522.94
2279.82
4767.00
2433.39
4820.74
2379.44
4758.85
2334.83
4999.14
2519.25
4812.23
2606.12
4972.57
2657.47
5079.21
2651.31
4916.00
2718.00
4947.58
2669.90
5015.89
2643.04
4895.71
2669.48
4989.48
2669.56
4920.13
2651.13
4868.23
2623.47
4944.00
2616.39
4902.64
2587.05
4797.38
2619.46
4670.03
2686.44
4573.67
2709.52
4609.16
2681.12
4537.05
2681.72
4613.36
2688.59
4516.58
2722.70
4473.78
2702.88
4420.71
2692.04
4453.47
2669.00
4531.09
2687.15
4502.38
2663.95
4409.91
2706.86
4452.45
2693.40
4425.25
2671.71
4434.82
2645.14
4393.20
2634.71
4464.63
2657.19
4548.48
2698.79
4523.49
2679.28
4490.19
2665.40
4476.38
2643.01
4445.86
2629.07
4368.82
2668.90
4362.10
2646.28
4418.10
2658.19
4495.97
2702.95
4430.59
2728.12
4449.40
2710.01
4524.68
2752.99
4545.77
2736.52
4615.80
2772.58
4622.30
2752.00
4598.30
2738.34
4668.93
2778.93
4663.38
2759.10
4710.64
2767.31
4698.69
2749.57
