464.00
0.00
1180.50
716.50
3494.67
3324.60
4563.50
3423.00
4075.40
3213.49
3806.83
2994.34
4354.14
3079.37
4411.38
2884.46
4233.89
2765.44
4362.60
2651.79
4656.18
2693.44
4497.00
2632.26
4456.77
2532.83
4746.86
2655.37
4723.27
2566.85
4854.31
2536.63
4685.00
2552.38
4469.11
2635.35
4268.00
2703.25
4152.85
2682.19
4359.81
2776.36
4370.86
2713.00
4445.09
2676.11
4600.67
2723.95
4759.20
2779.62
4817.96
2741.43
4808.96
2690.57
4759.82
2654.40
4805.03
2619.18
4874.93
2602.53
4857.16
2562.06
4803.50
2539.34
4868.33
2527.33
4784.32
2536.22
4923.71
2628.54
4974.75
2609.31
5057.92
2621.73
4985.87
2623.87
5072.56
2644.57
5087.35
2612.94
5159.95
2621.40
5144.40
2591.92
5225.09
2614.43
5171.75
2608.12
5087.53
2638.78
4993.89
2684.47
4969.70
2660.83
4921.56
2653.57
4861.12
2659.52
4818.58
2649.58
