1950.00
0.00
1168.00
782.00
1441.33
746.39
3534.50
3682.64
3607.80
3297.12
3620.33
3009.97
4241.14
3174.60
4171.00
2975.36
3883.56
2920.64
3929.20
2774.14
3780.45
2686.54
3633.75
2617.78
4072.92
2939.41
4304.36
2952.84
4386.67
2869.29
4627.19
2930.19
4622.53
2842.77
4386.22
2929.45
4660.00
3078.83
4783.55
3048.81
4904.14
3023.82
4868.68
2958.76
4887.17
2895.02
4823.21
2850.62
4713.84
2843.96
4548.27
2909.01
4460.59
2889.43
4639.64
2986.00
4710.34
2957.82
4693.07
2909.60
4738.84
2873.24
4742.47
2828.06
4649.21
2834.41
4730.38
2831.08
4828.80
2848.74
4937.22
2881.21
4940.49
2842.07
5047.24
2878.62
5023.62
2845.20
5057.40
2817.32
4949.29
2865.52
4972.71
2835.17
5073.56
2877.22
5058.41
2846.07
4973.16
2870.52
5044.63
2879.35
4977.34
2884.88
5041.10
2887.95
4945.49
2934.09
5004.78
2934.10
5081.31
2955.17
5163.12
2984.35
5125.62
2968.40
5057.37
2982.47
4989.80
2996.65
4902.05
3040.24
4982.82
3073.47
4903.97
3104.48
4821.81
3141.00
4818.12
3114.85
4740.15
3147.69
4749.16
3123.00
4810.76
3135.86
4796.53
3113.31
4731.98
3132.13
4764.39
3119.27
4729.09
3109.16
4757.35
3094.88
4691.86
3119.48
4740.84
3123.74
4763.07
3107.23
4815.39
3116.91
4799.55
3098.40
4861.41
3122.45
4874.33
3103.56
4870.49
3083.25
4920.82
3094.43
4969.62
3104.21
4981.19
3086.19
4978.91
3066.91
5014.58
3064.57
5050.73
3063.15
5054.75
3044.86
5095.65
3049.54
5150.05
3072.27
5159.31
3055.55
5105.82
3078.18
5146.69
3084.30
5187.37
3090.57
5133.12
3115.67
5088.99
3126.66
5100.01
3111.40
5074.46
3104.31
5099.13
3096.91
5107.85
3081.72
5103.56
3065.92
5124.27
3056.81
5170.59
3075.21
5188.68
3064.87
5146.25
3078.59
5135.58
3065.16
5162.13
3061.75
5160.76
3046.88
5167.13
3032.88
5141.96
3029.29
5166.04
3025.05
5177.04
3013.01
5188.34
3001.31
5189.94
2987.55
5220.53
2991.04
