1950
386
1988
9814
3901
3683
7966
3680
1584
4340
2293
2020
9343
7313
5539
8235
4548
369
9588
7131
7316
4124
5294
3352
2089
409
2181
9474
6690
4192
6112
4855
1665
7409
8175
8732
5058
8997
4126
6375
625
5933
9309
4407
1222
8261
1882
8038
356
7910
8908
9335
3176
1440
1341
76
9506
409
57
4600
62
5299
8630
3900
601
6871
2399
6651
238
8121
6319
8530
3659
9377
5831
4582
8746
8727
5884
4799
7868
7979
5384
8491
9719
5947
505
8703
8767
305
1117
6103
2724
7393
5928
4696
7112
9664
6961
946
4069
7843
5021
5823
2525
7694
6343
6398
5362
8555
-1
