2537.00
0.00
3773.50
1236.50
4860.33
1838.94
4309.00
1856.93
4605.60
1763.64
5438.83
2462.40
5217.29
2343.44
5089.00
2218.21
5103.56
2091.75
4613.80
2469.14
4677.91
2362.94
4521.42
2321.12
4326.54
2330.00
4436.57
2280.02
4248.00
2312.96
4403.13
2318.70
4308.59
2281.03
4502.17
2356.07
4438.42
2309.12
4631.65
2403.09
4605.43
2348.11
4410.77
2461.44
4398.57
2408.02
4477.96
2387.87
4338.44
2437.42
4359.88
2392.49
4378.26
2349.64
4573.50
2520.48
4539.03
2483.35
4477.87
2463.73
4362.03
2505.33
4277.88
2510.00
4439.06
2634.50
4441.74
2595.51
4525.97
2604.89
4636.72
2650.71
4703.41
2645.08
4705.18
2610.07
4758.26
2597.08
4885.15
2684.06
4786.78
2723.14
4688.55
2763.08
4660.53
2736.79
4775.52
2808.62
4849.18
2819.88
4925.24
2835.35
4860.83
2838.84
4914.06
2832.72
4902.12
2804.88
4980.18
2829.94
5048.88
2843.86
5016.12
2826.09
5005.32
2800.38
5029.57
2779.94
4941.38
2829.77
4926.12
2806.67
4848.91
2841.31
4767.62
2882.80
4787.93
2862.45
4825.37
2853.02
4845.03
2833.64
4834.00
2812.01
4832.44
2789.63
4862.17
2777.79
4930.34
2809.77
4932.83
2788.48
4895.60
2784.07
4859.96
2778.88
4798.91
2804.22
4867.77
2842.26
4878.86
2823.70
4857.53
2809.78
4803.11
2828.41
4793.84
2810.36
4848.48
2830.85
4855.96
2812.91
4888.38
2808.84
4864.08
2798.91
4861.00
2781.27
4915.24
2805.56
4941.28
2797.91
4883.62
2828.80
4915.23
2826.24
4910.67
2809.68
4943.95
2809.71
4901.14
2821.08
4881.07
2810.99
4853.56
2806.73
4872.81
2796.75
4906.86
2799.65
4935.98
2797.90
4961.86
2793.59
4924.18
2801.93
4924.54
2786.99
4893.34
2788.74
4868.40
2784.81
4837.56
2786.85
4863.86
2784.66
4840.09
2780.54
4859.04
2773.02
4841.25
2764.98
4891.66
2797.65
4903.73
2786.70
4859.65
2809.11
4870.68
2797.96
4826.30
2821.61
4863.28
2834.09
4872.18
2822.43
4835.72
2834.88
4848.97
2825.35
4893.39
2850.91
4890.85
2838.28
4877.66
2829.14
4922.13
2856.09
4965.42
2880.96
4943.41
2878.20
4982.03
2895.89
5000.68
2890.64
4960.55
2911.30
4967.67
2900.18
4929.94
2917.59
4924.57
2906.21
4927.60
2894.56
4950.11
2893.66
4938.08
2885.17
4930.10
2875.08
4922.91
2864.88
4916.22
2854.66
4906.65
2845.64
4871.27
2863.01
4858.79
2855.61
4861.68
2844.97
4876.44
2839.32
4854.80
2839.69
4879.00
2842.99
4860.57
2840.60
4851.70
2832.10
