2537
5010
7034
2655
5792
9605
3888
4191
5220
206
5319
2800
1988
5867
1608
6730
2796
7793
3291
8303
4081
323
4130
6304
990
4896
4856
9845
3574
2704
887
1669
9597
4530
7390
8513
7104
4771
6775
9834
852
661
3484
9720
8090
8348
1898
7416
4329
8805
8484
3345
4444
6315
179
4087
525
134
5966
7034
6025
4161
4736
6735
9293
5095
2438
2472
648
9619
5655
3343
885
4117
8892
5417
7352
2993
4621
9200
7025
213
7507
4532
7740
1262
3155
2460
6567
7937
7557
7317
1458
4958
1960
2499
1877
7415
2511
6735
3062
9983
6135
320
6017
167
8783
5824
899
6293
9779
4609
3401
9947
9900
2413
9461
7183
225
5815
403
4275
5297
7719
3446
3933
4017
4066
3682
307
3236
5241
6824
1977
8122
2373
3645
-1
