2477
309
7205
8216
5519
9153
7821
5551
2952
4370
2380
9807
9678
228
9169
4193
1515
7799
9946
6329
6262
7065
6876
803
7354
7755
7949
8820
5063
2795
1694
5822
8681
7950
3107
37
938
4962
9829
3681
9351
8023
8527
5825
1007
5596
1507
271
873
2557
1377
2382
3055
3757
840
1794
1166
3444
8422
2948
3502
6310
8217
3214
8802
1633
3846
4538
2962
3887
3202
5328
6570
5893
804
6059
711
8997
7358
4725
1460
1499
630
9810
8908
5892
3311
6272
3113
7256
1848
9592
796
7986
3855
7602
1238
5068
6914
50
9554
2012
4894
1316
9134
4733
3627
10000
2482
1943
3250
575
5426
5803
7009
1128
2226
7195
7566
8894
9120
2579
7466
4895
1377
4945
-1
