2477.00
0.00
1393.00
1084.00
3330.33
2879.22
4551.75
3270.01
4745.20
2950.27
5479.83
3154.65
5814.29
3033.36
5781.38
2838.79
5467.00
2820.28
5357.30
2695.71
5086.64
2709.03
5480.00
2903.33
5802.92
3005.38
5404.71
3232.42
5655.67
3260.93
5564.25
3177.17
5326.06
3226.20
5463.44
3186.06
5699.37
3258.62
5730.85
3179.08
5756.14
3104.52
5815.64
3045.37
5861.74
2986.27
5650.96
3093.23
5719.08
3049.06
5797.38
3015.37
5877.07
2986.77
5982.18
2983.37
5950.48
2936.27
5845.30
2941.96
5711.39
2985.62
5714.84
2938.66
5804.73
2938.13
5867.82
2917.20
5788.94
2911.78
5629.17
3022.66
5502.38
3077.05
5488.16
3037.52
5599.46
3075.83
5551.50
3051.87
5644.17
3070.88
5700.81
3055.69
5766.53
3049.85
5767.86
3015.00
5662.07
3062.80
5660.63
3029.34
5572.26
3056.29
5461.81
3117.63
5368.16
3153.12
5311.94
3146.15
5234.78
3162.56
5179.92
3156.42
5139.83
3139.84
5114.22
3116.21
5036.51
3140.12
4978.61
3141.44
4911.72
3153.74
4886.41
3132.26
4946.34
3138.96
4913.03
3123.19
4889.90
3102.66
4912.81
3082.73
4965.25
3085.92
4937.89
3069.41
4997.34
3082.62
4946.36
3086.66
4929.94
3066.44
4924.18
3044.18
4895.74
3031.12
4881.33
3011.77
4857.68
2997.03
4864.21
2976.65
4887.58
2962.83
4901.16
2945.04
4846.53
2962.84
4862.49
2946.53
4808.57
2964.82
4862.27
2983.20
4893.86
2977.37
4891.75
2958.76
4849.38
2964.75
4808.52
2969.48
4758.18
2986.53
4818.32
3018.84
4866.44
3033.26
4878.36
3017.57
4860.34
3004.83
4876.39
2991.45
4856.57
2980.40
4883.23
2974.45
4849.88
2974.94
4901.42
2999.30
4857.28
3013.03
4890.56
3014.10
4879.66
3000.06
4908.02
2997.17
4870.19
3004.63
4872.20
2989.33
4892.83
2981.19
4844.40
3005.13
4891.03
3026.36
4862.80
3024.82
4863.11
3010.10
4829.00
3015.53
4870.00
3030.12
4868.71
3015.82
4857.10
3004.07
4904.72
3030.43
4882.50
3025.33
4855.77
3024.44
4841.31
3014.61
4803.21
3027.84
4808.73
3014.97
4817.45
3003.15
4836.50
2996.98
4804.53
3003.66
4782.50
3000.21
4802.94
2995.64
4826.16
2993.67
4860.06
3004.02
4895.26
3016.34
4876.28
3011.20
4897.33
3007.94
4897.31
2995.78
4869.15
3000.21
4869.75
2988.29
