3368
5463
4523
9161
5771
5001
4888
2242
6853
7573
4896
5769
4078
8731
8703
7858
7720
4076
8308
1712
3813
792
9408
3297
775
3332
1685
91
2324
3279
5401
6824
9194
5448
9319
9434
6468
5767
6925
9738
6158
9669
5181
131
8080
9848
601
1380
2899
7534
7774
4240
2012
3082
1467
7329
5565
5475
909
9413
6430
1411
1657
8978
1455
456
6028
1899
1224
8548
8900
4924
6182
7581
6250
1662
3896
4952
6400
3170
7126
5180
5720
6565
6725
7740
3287
3057
4512
6164
6366
8376
947
928
6994
592
888
7759
7023
5076
9388
7881
3144
6860
1840
7294
8346
7654
6635
1507
8945
8502
612
8829
2953
153
2198
3563
1344
8047
5128
10
6447
8015
3878
7960
331
3635
1456
3098
5757
6470
5191
6332
467
1994
9294
5860
7393
5684
-1
