3368.00
0.00
4415.50
1047.50
4451.33
856.78
5628.75
2170.13
5657.20
1941.86
5547.83
1789.46
5453.57
1672.73
5052.12
1891.13
5252.22
1870.65
5484.30
1906.34
5430.82
1825.47
5459.00
1750.26
5352.77
1721.39
5594.07
1873.09
5801.33
1968.75
5929.88
1970.17
6035.18
1957.21
5926.33
1954.29
6051.68
1975.11
5834.70
2144.89
5738.43
2137.02
5513.59
2328.27
5682.91
2411.62
5583.50
2408.50
5391.16
2541.01
5311.96
2522.93
5177.63
2568.78
4995.96
2693.33
4903.83
2691.02
4849.67
2661.82
4867.45
2620.34
4928.59
2601.44
5057.85
2664.03
5069.32
2625.39
5190.74
2682.72
5308.61
2735.56
5339.95
2704.89
5351.18
2669.93
5391.54
2647.20
5500.20
2700.54
5516.24
2669.34
5615.12
2712.29
5605.02
2681.37
5480.61
2773.42
5538.38
2769.07
5632.07
2809.99
5525.02
2873.18
5438.67
2904.07
5386.84
2896.63
5429.78
2883.23
5475.75
2873.27
5451.98
2850.56
5387.08
2862.07
5344.39
2852.42
5273.89
2873.46
5310.59
2860.66
5315.05
2835.66
5317.81
2811.18
5243.08
2844.76
5312.58
2871.02
5330.90
2850.92
5267.68
2870.63
5210.37
2883.29
5269.23
2898.58
5210.55
2914.26
5138.52
2949.84
5151.79
2929.73
5103.96
2934.35
5047.72
2949.68
5097.73
2957.85
5151.28
2970.92
5148.12
2950.34
5162.29
2932.53
5194.97
2926.00
5209.04
2908.95
5162.37
2917.88
5145.92
2902.41
5143.44
2883.83
5159.34
2868.96
5134.47
2859.53
5159.06
2850.32
5159.32
2832.88
5166.07
2816.43
5182.73
2803.72
5200.87
2792.14
5230.40
2789.17
5208.06
2780.82
5183.61
2774.36
5176.07
2759.64
5187.04
2746.22
5200.00
2733.85
5234.52
2738.82
5188.42
2759.72
5143.10
2779.58
5162.58
2771.36
5114.97
2795.67
5071.39
2813.80
5098.82
2812.41
5118.25
2804.78
5117.83
2790.72
5160.11
2808.87
5186.78
2807.90
5166.95
2801.40
5183.23
2792.79
5151.39
2798.36
5171.60
2792.82
5201.27
2796.47
5223.98
2793.39
5236.93
2783.80
5203.02
2793.64
5236.73
2803.41
5265.88
2807.72
5224.70
2829.05
5256.32
2836.59
5236.29
2832.32
5192.47
2858.97
5166.87
2860.04
5153.28
2851.69
5121.27
2860.89
5145.65
2861.33
5145.50
2849.49
5103.41
2875.31
5114.33
2866.14
5137.73
2866.33
5127.65
2857.04
5150.13
2856.76
5112.18
2877.19
5100.64
2868.88
5072.39
2875.56
5057.20
2869.67
5062.54
2859.34
5073.20
2851.11
5074.09
2840.39
5083.48
2831.84
5049.28
2848.96
5026.82
2850.45
5057.96
2863.16
5063.78
2853.58
5080.53
2850.10
5084.84
2840.36
