6731.00
0.00
5430.50
1300.50
4248.67
1980.15
4047.25
1749.99
3736.00
1684.48
4719.00
2682.54
4173.57
2820.10
4313.12
2663.67
4615.00
2652.52
4953.20
2713.24
4808.73
2627.00
5020.33
2611.25
4925.15
2530.38
4991.79
2450.14
5077.67
2388.77
5282.25
2444.87
5082.59
2502.72
5248.28
2526.33
5498.16
2677.75
5709.45
2767.69
5439.67
2958.20
5550.82
2934.73
5529.87
2871.91
5426.46
2854.85
5249.40
2928.57
5313.46
2889.51
5431.22
2898.38
5273.93
2961.18
5241.90
2914.61
5225.53
2866.97
5272.16
2831.89
5228.84
2797.71
5328.03
2811.55
5241.24
2814.41
5127.77
2851.72
