187.00
0.00
733.00
546.00
1579.33
1277.23
1631.75
1109.83
2347.40
1741.84
3331.50
2714.88
3271.14
2517.84
3961.75
2980.88
3990.67
2811.59
3634.80
2873.03
4053.45
3042.47
3767.00
3063.96
3834.46
2953.02
4159.07
3076.89
4182.80
2973.89
4363.12
2962.94
4477.59
2910.71
4410.94
2842.02
4324.11
2790.64
4450.70
2775.39
4282.71
2810.76
4142.23
2820.59
4236.96
2794.15
4334.25
2774.83
4162.68
2845.73
4114.46
2800.86
3983.11
2828.93
4168.07
2939.51
4318.21
2995.65
4247.67
2969.69
4165.45
2955.90
4245.66
2943.42
4138.85
2960.78
4026.82
2987.06
3946.29
2981.30
3927.94
2941.60
3996.81
2930.85
4139.76
3019.93
4214.72
3016.56
4214.35
2978.61
4284.63
2975.45
4203.67
2985.18
4223.72
2953.13
4144.39
2965.37
4098.29
2948.13
4117.39
2918.73
4200.74
2942.33
4204.13
2911.61
4209.94
2882.03
4127.50
2910.84
4156.57
2889.48
4115.04
2876.89
4085.66
2857.49
4176.00
2906.30
4138.47
2892.93
4139.05
2866.99
4220.72
2906.70
4204.14
2884.25
4215.12
2860.92
4295.05
2902.66
4260.08
2891.48
4220.65
2884.56
4215.98
2861.81
4169.89
2862.84
4248.83
2910.08
4185.27
2933.06
4196.25
2912.45
4183.21
2892.93
4156.25
2880.48
4218.60
2906.36
4273.37
2921.97
4336.15
2949.44
4306.34
2940.07
4291.46
2922.91
4337.23
2929.93
4367.57
2922.43
4321.23
2931.35
4323.86
2912.59
4305.44
2898.66
4261.24
2907.16
4259.23
2889.22
4290.87
2885.62
4264.08
2878.42
4240.20
2869.50
4268.06
2863.97
4275.78
2848.16
4269.23
2832.39
4333.41
2879.17
4350.73
2867.56
4340.53
2853.21
4399.98
2892.98
4380.05
2883.49
4394.67
2871.37
4349.85
2888.57
4408.87
2929.75
4444.10
2934.62
4405.88
2943.38
4368.86
2950.93
4419.92
2979.19
4418.96
2964.27
4469.50
2992.54
4512.34
3008.81
4552.74
3021.83
4604.48
3052.77
4610.34
3038.79
4661.03
3068.69
4699.53
3079.94
4672.99
3077.91
4640.96
3081.79
4668.86
3081.55
4676.22
3068.60
4707.86
3073.01
4687.98
3066.60
4699.69
3055.66
4677.91
3051.22
4678.05
3038.04
4708.87
3043.19
4678.16
3048.42
4650.08
3050.88
4615.31
3061.72
4608.16
3050.05
4611.31
3037.72
4638.23
3039.92
4634.99
3027.85
4649.29
3019.91
4668.12
3015.26
4690.81
3014.15
4656.60
3027.00
4638.40
3022.28
4653.28
3015.37
4663.47
3006.09
4629.98
3019.11
