187
1279
3272
1789
5210
8252
2909
8796
4222
432
8240
616
4644
8379
4515
7068
6309
3278
2761
6856
923
1192
6321
6572
45
2909
568
9162
8522
2202
1699
6732
721
330
1208
3286
6476
9429
7063
4200
7096
884
5066
733
2070
4977
8035
4363
4489
88
5610
1997
2558
8964
2112
4171
8794
3259
4852
9011
2162
1815
3927
1266
9301
54
4921
3309
2323
8521
8107
8794
2160
3205
7724
6643
800
4526
2869
769
4099
6853
2068
2258
6608
4932
3706
9917
5875
3433
9750
2567
5739
182
9957
7791
736
778
9424
4324
9523
8840
8673
9934
5220
9983
8781
1833
1182
7710
5485
8220
2462
6023
2195
4694
8284
1085
1336
478
3750
4993
7922
4237
6422
7022
7550
312
2308
6574
5987
243
-1
