6690.00
0.00
6087.50
602.50
5959.00
524.43
6573.50
1157.20
6847.20
1170.87
7032.17
1146.08
6768.29
1242.44
6109.62
2094.65
5976.11
2010.63
6210.50
2032.93
6014.82
2034.71
6115.08
1976.26
6072.62
1904.42
5948.00
1889.35
5772.93
1939.26
5812.44
1883.91
5509.59
2192.67
5343.56
2238.16
5083.26
2442.38
4966.00
2434.80
4744.05
2575.11
4959.82
2703.23
5057.43
2683.17
5119.79
2643.64
5245.64
2662.59
5098.88
2712.04
4930.30
2796.73
5109.68
2900.20
5067.72
2858.40
5196.83
2895.08
5318.74
2925.23
5267.97
2893.00
5130.73
2952.72
5141.50
2909.64
5029.60
2941.06
4932.67
2956.08
4954.30
2918.75
5030.08
2916.74
5133.62
2949.00
5069.10
2939.65
5006.59
2930.37
5062.45
2917.29
5163.70
2956.89
5118.70
2937.95
5189.67
2943.01
5214.72
2915.69
5167.62
2902.14
5066.25
2954.64
5062.00
2924.48
5017.80
2911.57
4989.04
2890.05
5082.33
2938.64
5076.98
2911.04
5023.17
2910.45
4990.47
2893.86
4965.30
2873.97
4941.86
2854.05
4903.21
2844.35
4989.51
2895.72
4998.17
2872.25
4944.49
2878.79
4992.47
2879.96
4960.41
2868.14
4905.16
2879.25
4978.91
2917.30
4904.00
2957.43
4875.91
2944.14
4876.88
2922.42
