6756.00
0.00
6757.00
1.00
7641.67
1251.11
7330.50
1210.14
7790.00
1419.90
6719.00
2723.10
5942.86
3157.59
6289.00
3092.37
5751.67
3287.86
5228.10
3492.30
5332.09
3345.97
5628.50
3350.97
5504.38
3248.09
5279.64
3233.13
5305.93
3125.05
5387.44
3042.24
5492.82
2981.36
5299.89
3004.58
5353.84
2933.39
5147.25
2997.57
5177.43
2928.44
5292.73
2909.49
5308.00
2846.44
5266.33
2793.66
5078.80
2887.29
5126.50
2841.25
5266.07
2877.53
5405.75
2917.40
5489.83
2900.98
5619.60
2936.59
5655.00
2895.33
5631.44
2852.75
5659.94
2813.82
5532.79
2866.74
5442.54
2874.08
