5059.00
0.00
7270.00
2211.00
5760.33
2795.93
5579.50
2441.52
5578.20
2183.76
6193.83
2422.61
5552.00
2739.03
5121.25
2804.16
5242.44
2665.92
5667.30
2832.13
5928.73
2824.04
5544.42
2989.19
5638.54
2890.37
5609.14
2787.24
5579.93
2694.95
5544.50
2612.98
5506.47
2539.52
5696.56
2589.43
5875.05
2631.68
5755.05
2617.84
5656.29
2592.65
5462.05
2684.88
5318.57
2710.73
5444.88
2721.92
5248.72
2834.77
5122.96
2849.96
5149.00
2799.83
5090.07
2766.38
4981.28
2778.56
4924.07
2749.17
5051.97
2793.73
5129.22
2783.16
5036.00
2790.94
5085.50
2764.25
5198.51
2803.04
5105.83
2817.70
5114.89
2779.89
5168.89
2762.67
5237.54
2759.66
5302.98
2755.41
5380.56
2765.49
5338.02
2745.91
5228.40
2805.25
5114.64
2871.77
5137.62
2843.77
5145.52
2813.19
5240.26
2856.30
5181.71
2854.75
5077.47
2916.31
5159.56
2943.63
5126.69
2923.88
5213.58
2961.37
5239.25
2939.14
5195.04
2929.53
5117.96
2957.51
5183.89
2971.49
5215.44
2954.75
5164.41
2954.39
5157.81
2929.68
5130.82
2912.55
5090.62
2905.31
5035.56
2913.69
4988.81
2913.83
4976.25
2892.69
5033.09
2906.15
5068.62
2898.24
5118.51
2904.94
5108.93
2884.57
5141.86
2876.43
5144.17
2855.88
5095.93
2864.28
5123.85
2854.03
5132.79
2835.43
5195.93
2867.41
5248.80
2884.31
5185.46
2917.30
5152.21
2912.76
5207.26
2934.06
5158.23
2947.41
5217.94
2976.63
5186.60
2971.44
5192.12
2953.68
5143.36
2968.86
5174.67
2964.88
5200.07
2956.57
5167.64
2954.50
5114.56
2978.42
5107.94
2962.10
5148.51
2969.88
5167.63
2958.85
5151.47
2946.54
5182.70
2945.58
5227.02
2960.39
5247.90
2951.47
5289.74
2963.78
5276.74
2951.03
5304.47
2948.32
5304.78
2933.24
5344.78
2945.14
5353.76
2931.74
5315.36
2942.36
5333.76
2933.74
5355.71
2927.86
5354.40
2913.78
5388.99
2921.24
5371.10
2913.20
5371.13
2899.56
5332.89
2913.09
5338.79
2900.34
5345.28
2887.92
5321.09
2886.06
5278.92
2907.30
5273.80
2894.91
5244.25
2899.24
5215.00
2903.46
5238.62
2902.00
5251.29
2892.79
5228.89
2890.68
5258.71
2896.67
5224.44
2908.69
5244.14
2904.67
5255.11
2895.26
5225.25
2902.27
5185.23
2924.42
5146.16
2945.02
5175.98
2952.19
5171.72
2940.93
5134.30
2959.62
5107.03
2964.22
5088.66
2960.16
5072.59
2954.53
5041.00
2965.44
5021.61
2962.66
5014.63
2952.68
4981.02
2967.33
5010.23
2975.81
5027.14
2971.49
5021.14
2961.53
5048.15
2967.87
5046.39
2957.33
5031.16
2952.32
5063.51
2966.87
5068.02
2956.97
5065.00
2946.91
5035.94
2957.35
5048.36
2951.00
5023.54
2956.20
5010.74
2950.28
5036.89
2957.52
5044.19
2948.99
5014.31
2961.90
5036.60
2964.81
5055.08
2963.88
5070.28
2960.22
5084.80
2956.15
5068.51
2953.64
5072.81
2944.70
5051.40
2947.60
5057.23
2939.24
5039.09
2938.96
5055.06
2936.77
5081.72
2947.17
5108.45
2957.75
5133.38
2965.84
5125.98
2958.36
5148.22
2963.24
