5059
9481
2741
5037
5573
9272
1701
2106
6212
9491
8543
1317
6768
5227
5171
5013
4898
8928
9088
3475
3681
1383
2162
8350
541
1979
5826
3499
1935
3265
8889
7524
2053
6719
9041
1862
5441
7167
7846
7855
8484
3594
624
223
6149
5501
9598
2430
74
9182
3483
9645
6574
2852
956
8810
6982
2256
4775
3538
2679
1677
2090
4185
8671
7378
8411
4467
7381
5304
1719
7106
5777
9805
9161
435
2625
9446
1334
9935
2680
5639
1145
7773
7334
2411
550
4532
8718
6870
3697
8024
9305
7190
9222
4042
7967
5334
9265
6243
1475
7193
7594
5220
8986
3493
5374
1241
5976
6053
2660
598
4700
1906
1880
7955
6721
2608
8777
1147
7608
6583
1582
263
301
8903
4635
382
1617
2719
2983
903
2462
4086
478
8953
7327
4199
8776
4801
2900
9624
5709
4633
852
6849
1399
3130
8907
6131
533
8402
7865
7395
7321
2543
5744
1690
5979
2154
7611
9374
9438
9197
3913
8818
-1
