2022.00
0.00
2561.50
539.50
4515.33
2798.03
5286.75
2767.12
5902.00
2764.00
5990.83
2530.98
5273.14
2929.37
5685.62
2949.50
5801.22
2799.97
5290.30
3066.80
5067.09
3008.06
4863.08
2958.41
5178.77
3045.47
5208.07
2936.59
4872.13
3103.00
4756.75
3037.52
4715.65
2951.41
4559.06
2940.02
4705.89
2928.63
4959.85
3061.61
4759.95
3118.69
4559.32
3182.69
4648.96
3140.99
4715.38
3091.32
4914.08
3181.44
4844.50
3139.00
4986.00
3163.70
4841.39
3196.27
4771.93
3162.11
4860.03
3144.95
4742.52
3160.06
4862.81
3181.59
4972.55
3193.92
5091.41
3219.84
5056.60
3179.99
5139.22
3173.38
5242.22
3190.62
5347.71
3213.09
5300.05
3185.21
5353.93
3163.08
5285.00
3154.54
5302.21
3118.70
5259.37
3094.71
5178.66
3104.78
5263.56
3121.31
5157.61
3167.95
5140.21
3136.29
5204.52
3134.60
5184.37
3105.59
5145.44
3086.43
5109.18
3066.76
5068.12
3051.25
5096.42
3029.21
5078.43
3003.89
5067.96
2977.45
5082.59
2952.74
5035.35
2947.99
5048.40
2924.13
5082.78
2911.04
5062.85
2890.74
5123.41
2905.07
5160.63
2896.17
5182.11
2878.07
5208.58
2863.21
5190.97
2844.59
