1773.00
0.00
2649.00
876.00
3189.67
1047.01
4404.50
2291.21
5339.20
2773.87
4746.17
2858.39
4304.86
2858.62
4333.12
2675.04
4850.78
2916.24
4944.40
2780.81
5255.82
2828.38
5294.42
2710.99
5396.15
2628.37
5465.29
2545.00
5449.53
2459.41
5538.94
2406.36
5392.24
2407.13
5164.33
2520.98
5225.47
2467.41
5307.00
2431.05
5288.24
2373.95
5436.95
2417.42
5230.13
2555.56
5255.96
2504.82
5095.08
2577.66
5042.15
2541.42
5076.33
2499.99
5077.11
2454.95
4937.48
2522.86
4843.77
2531.27
4963.81
2575.45
5085.88
2624.42
5142.30
2603.99
5081.29
2589.24
5014.94
2581.14
5094.56
2588.25
5118.95
2557.23
5073.29
2538.59
5025.21
2523.31
5064.43
2503.58
5083.88
2475.91
5069.95
2447.89
5169.14
2503.20
5202.05
2483.98
5202.84
2456.23
5154.22
2451.19
5137.23
2427.70
5045.35
2483.49
4962.88
2523.56
4952.70
2499.22
5016.63
2515.54
5100.40
2562.07
5123.60
2543.29
5138.72
2522.03
5073.64
2544.36
5031.23
2541.07
4988.70
2538.71
5047.40
2555.45
4997.17
2562.41
4927.40
2596.87
4865.62
2619.57
4844.19
2603.74
4925.90
2661.92
4946.69
2646.19
4978.65
2638.17
4910.98
2674.34
4933.63
2660.67
4948.78
2643.95
4966.14
2628.62
4914.43
2644.90
4914.46
2626.21
4874.88
2629.15
4902.66
2621.70
4929.20
2613.79
4954.05
2605.09
4950.21
2588.11
4910.56
2594.38
4965.94
2623.10
5011.29
2637.04
4980.43
2634.83
4922.86
2668.65
4876.68
2684.70
4855.06
2675.65
4850.48
2660.00
4885.86
2664.12
4872.21
2651.57
4860.33
2638.59
4849.25
2625.59
4872.96
2620.25
4904.50
2622.59
4943.75
2634.59
4891.11
2667.91
4929.35
2678.76
4900.00
2679.47
4858.32
2695.80
4810.11
2722.56
4843.71
2728.42
4815.44
2728.71
4848.75
2734.85
4825.92
2730.60
4801.17
2728.30
4795.32
2715.53
4802.23
2703.22
4780.89
2698.89
4754.07
2699.91
4769.91
2692.04
4790.86
2688.10
4794.04
2675.83
4837.13
2700.91
4866.89
2706.50
4894.49
2709.78
4910.00
2702.60
4870.96
2722.15
4847.47
2721.66
4831.61
2715.09
4866.06
2728.49
4863.55
2716.94
4831.98
2726.86
4874.82
2754.97
4913.39
2775.54
4873.64
2798.13
4895.22
2796.73
4876.00
2793.42
4853.73
2793.08
4867.35
2786.02
4885.43
2782.29
4861.53
2784.27
4863.41
2773.45
4830.12
2788.24
4864.95
2805.52
4828.44
2825.63
4850.08
2825.77
4821.68
2833.98
4816.81
2823.94
4798.66
2821.29
4786.47
2814.47
4777.98
2805.92
4798.43
2805.97
4794.48
2796.25
4810.46
2792.60
4828.48
2790.84
4830.63
2781.11
4856.14
2787.99
4872.85
2785.48
4880.67
2777.44
4878.69
2768.01
4867.60
2761.84
4888.57
2764.21
4872.02
2762.27
4893.29
2765.26
4909.80
2763.50
4939.96
2779.22
4917.59
2783.81
4926.14
2776.77
4940.11
2773.22
4969.51
2788.45
4962.38
2780.99
4966.04
2772.55
4967.60
2763.89
4975.16
2756.89
4964.80
2751.44
4973.04
2744.93
4958.67
2742.60
4932.98
2753.83
4912.58
2757.87
4930.70
2759.39
4953.25
2766.40
4980.93
2781.27
4968.37
2777.80
4992.05
2786.68
5004.33
2783.13
4996.16
2777.08
5015.44
2780.56
4990.17
2792.40
4963.31
2806.86
4973.60
2802.19
4967.19
2795.55
4940.65
2809.97
4956.07
2809.65
4960.83
2802.56
4946.27
2801.63
