1773
3525
4271
8049
9078
1781
1657
4531
8992
5787
8370
5719
6617
6364
5229
6880
3045
1290
6326
6856
4913
8560
680
5850
1234
3719
5965
5098
1028
2126
8565
8870
6948
3068
2759
7881
5997
3384
3198
6594
5862
4499
9335
6617
5238
2966
4356
727
1004
4454
8213
9373
6330
5940
1559
2699
2607
8393
2084
811
1159
3537
9992
6256
7024
513
6428
5964
6147
1346
4917
2064
6903
6867
6793
4662
1897
9230
8549
2542
318
1136
3082
4470
7858
3712
3839
3885
6959
7712
8476
101
8448
2170
940
231
8069
2073
8113
2566
2326
4205
5507
2583
1964
6433
7012
5134
9491
8111
7930
6632
499
2193
3023
8828
4572
1139
9930
9503
104
7506
2531
2114
6557
7145
1850
5103
569
9358
82
7684
1073
4169
2367
3141
3623
7601
4249
7031
7351
5134
8479
7263
6006
4592
3248
7972
2422
8062
7387
9494
1518
6234
7091
9527
3849
5541
5215
6177
3306
6301
2630
746
1567
7921
8695
9605
2858
8994
7092
3599
8331
619
290
6774
3839
242
7701
5813
2325
-1
