8815
1195
9522
2472
3289
286
7523
7999
5486
6507
8280
7315
8207
4939
5213
975
6165
2874
4866
9127
1013
6696
1923
7803
1739
6909
8770
1675
3428
7853
2954
3238
2639
7271
7154
4700
1643
200
7809
1022
4257
1281
4928
6655
1564
3094
2242
131
1929
1545
2258
3537
4494
6823
417
8879
2830
1378
7327
9588
4729
6395
7072
3822
4516
4960
2725
2156
6582
2476
940
7791
1404
4139
8661
9340
7621
3147
2005
2184
575
3731
1541
4623
91
9120
2477
7154
1196
4751
5971
9192
2452
4014
8329
4556
3451
7139
5157
3619
568
3110
681
1721
9685
5609
6451
4512
5672
5573
8600
4633
1392
459
4344
8588
2949
7995
7487
4750
9300
3164
38
9132
6690
2684
4831
9910
9920
4206
2686
3794
2979
5167
9399
130
9929
4778
4147
2698
8363
3412
6767
4048
193
7182
3439
3343
4458
7522
6592
8655
9290
1366
857
3225
4891
8863
238
5333
7136
5656
3069
8880
2009
4755
3882
5280
-1
