8815.00
0.00
5005.00
3810.00
6510.67
3769.81
5501.00
3703.63
5058.60
3428.76
4263.17
3600.08
4728.86
3522.82
5137.62
3468.23
5176.33
3271.71
5309.40
3129.38
5579.45
3103.55
5724.08
3009.90
5915.08
2966.54
5845.36
2869.66
5803.20
2776.84
5501.44
2931.69
5540.47
2848.44
5392.33
2834.77
5364.63
2761.66
5552.75
2813.86
5336.57
2911.26
5398.36
2858.39
5247.26
2884.00
5353.75
2869.10
5209.16
2899.00
5274.54
2861.43
5404.00
2884.50
5270.82
2915.83
5207.28
2884.78
5295.47
2875.78
5219.94
2859.10
5158.00
2835.13
5081.67
2825.03
5146.06
2807.65
5203.43
2787.40
5189.44
2749.66
5093.59
2772.55
4964.82
2845.76
5037.74
2844.78
4937.35
2878.11
4920.76
2844.74
4834.10
2864.92
4836.28
2831.44
4877.61
2812.18
4803.98
2823.33
4766.80
2803.58
4713.09
2797.42
4617.62
2844.44
4562.76
2840.82
4502.40
2843.82
4458.39
2832.95
4440.67
2808.43
4441.68
2781.82
4485.78
2774.57
4411.80
2802.47
4491.57
2839.64
4462.42
2823.06
4409.24
2827.27
4458.69
2828.40
4544.18
2880.57
4547.21
2856.96
4577.02
2843.37
4616.62
2837.90
4604.20
2817.36
4602.85
2795.63
4608.26
2774.71
4580.15
2763.38
4544.50
2758.46
4574.03
2749.20
4544.06
2740.83
4493.30
2754.40
4539.10
2762.29
4496.15
2767.41
4491.32
2748.95
4546.92
2772.13
4609.99
2807.47
4649.09
2809.94
4629.83
2796.98
4596.61
2794.67
4566.45
2790.05
4517.17
2807.59
4507.59
2791.75
4471.84
2793.69
4473.64
2777.06
4422.08
2800.83
4476.71
2829.68
4453.72
2821.43
4484.41
2819.92
4447.46
2825.37
4450.83
2809.81
4467.54
2798.82
4518.89
2826.35
4496.67
2819.18
4491.53
2804.58
4531.93
2817.14
4532.18
2802.43
4521.03
2790.08
4547.74
2788.25
4553.90
2774.80
4544.55
2762.46
4505.18
2776.81
4491.50
2766.58
4454.50
2778.35
4428.22
2777.80
4478.29
2811.29
4488.95
2800.13
4507.29
2793.41
4507.33
2780.44
4518.02
2769.89
4527.61
2759.08
4564.30
2773.45
4564.91
2761.05
4536.83
2764.82
4501.06
2778.81
4499.70
2766.74
4534.94
2780.59
4521.38
2772.53
4550.82
2779.06
4575.50
2780.31
4576.95
2768.74
4615.98
2790.23
4604.08
2781.86
4566.96
2800.70
4603.77
2819.11
4620.46
2813.96
4605.10
2808.03
4606.87
2797.02
4648.30
2824.93
4689.17
2851.69
4685.45
2841.01
4670.19
2835.49
4663.55
2825.75
4650.89
2818.87
4654.74
2808.68
4689.88
2827.68
4656.35
2844.07
4694.84
2868.99
4695.44
2858.59
4691.50
2848.66
4677.26
2843.43
4703.40
2850.16
4694.30
2842.16
4708.80
2837.47
4704.21
2828.13
4673.10
2842.98
4690.28
2840.78
4681.77
2832.97
4672.72
2825.51
4671.28
2816.06
4690.29
2816.23
4702.88
2811.13
4728.88
2820.02
4758.69
2834.72
4736.66
2838.61
4711.63
2846.44
4702.10
2839.78
4703.31
2830.76
4729.63
2841.01
4701.38
2854.23
4705.33
2845.73
4720.43
2843.30
4726.20
2835.46
4716.04
2829.71
4741.43
2839.63
4724.87
2838.95
4725.05
2830.38
4720.00
2822.65
4723.33
2814.56
