3597.00
0.00
5844.50
2247.50
6131.00
1879.27
5789.75
1731.50
4716.00
2647.69
4222.83
2656.68
4223.57
2459.61
4698.25
2621.20
4785.11
2483.47
4830.80
2360.01
4768.55
2258.78
4944.92
2240.33
4577.00
2501.47
4891.79
2664.31
5221.07
2853.65
4981.44
2914.73
4994.35
2828.18
4876.56
2791.08
4733.47
2783.63
4656.20
2733.98
4893.76
2871.83
4836.14
2818.20
4974.83
2831.98
5072.54
2811.68
4873.92
2921.67
4792.96
2893.39
4663.04
2915.57
4582.04
2893.80
4540.34
2852.02
4692.87
2921.90
4732.10
2882.40
4876.78
2949.16
4859.85
2905.71
4806.06
2879.29
4712.37
2889.96
4711.67
2849.55
4597.81
2892.60
4521.50
2891.78
4416.82
2926.50
4352.07
2917.83
4253.32
2948.94
4379.45
3023.49
4325.19
3008.75
4377.23
2993.88
4362.20
2962.10
4282.13
2978.56
4277.02
2946.90
4323.69
2933.54
4265.16
2931.63
4298.38
2911.47
4246.49
2906.04
4217.92
2885.18
4242.57
2863.35
4233.22
2837.53
4278.27
2831.04
4295.09
2808.42
4295.77
2783.68
4277.45
2763.04
4231.64
2761.65
4313.38
2809.59
4303.72
2787.47
4269.29
2777.94
4281.73
2757.55
4295.34
2738.05
4252.46
2738.48
4306.76
2752.69
4359.39
2765.32
4365.99
2745.45
4390.39
2732.90
4377.07
2715.56
4342.49
2711.85
4378.57
2710.05
4336.71
2714.76
4316.96
2701.63
4386.69
2749.79
4411.88
2740.33
4404.92
2723.16
4450.47
2735.01
4456.66
2718.20
4480.62
2709.54
4445.04
2711.51
4475.79
2709.10
4444.96
2707.17
4479.10
2708.91
4481.01
2692.99
4434.70
2711.12
4416.86
2700.56
4418.23
2685.21
4436.18
2675.38
4479.29
2691.38
4526.10
2713.14
4539.28
2701.29
4563.60
2696.83
4526.39
2706.34
4503.91
2700.88
4478.68
2698.00
4526.82
2725.20
4559.07
2729.80
4583.35
2726.59
4581.06
2713.02
4607.65
2712.62
4602.97
2699.70
4646.12
2721.68
4615.02
2726.89
4589.27
2726.55
4546.76
2748.38
4561.44
2739.68
4596.07
2750.40
4599.28
2737.96
4561.51
2753.87
4605.79
2780.50
4653.73
2813.76
4671.04
2807.27
4710.00
2825.44
4739.87
2831.15
4728.15
2821.72
4772.37
2849.72
