3597
8092
6704
4766
421
1757
4228
8021
5480
5242
4146
6885
162
8984
9831
1387
5201
2874
2158
3188
9645
3626
8026
7320
107
2769
1285
2395
3373
9116
5909
9362
4318
3031
1527
4687
499
1698
439
1827
303
9551
2046
6615
3701
679
4042
6517
1456
5926
1652
2761
5524
3738
6711
5220
4334
3233
1575
9136
3724
2169
5053
5153
1508
7836
7833
4808
6050
3458
1922
6940
1323
2875
9547
6301
3876
7958
4939
6374
1598
6967
1917
7312
4642
498
2883
4537
6016
8316
8739
5739
6801
1066
2390
2082
9149
7687
6963
4354
7267
4130
9047
1412
1911
84
6117
8302
4946
444
9477
9975
6610
9112
8145
3380
9902
-1
