3464
4219
1392
4149
6990
3755
5077
2412
5036
3084
8621
331
7941
1396
1064
9998
1002
5317
7877
1721
4336
1972
5205
2903
6450
8897
9809
5569
2128
277
3555
9761
4903
3152
9097
7897
8375
2851
7189
3215
3157
2855
8840
8647
8846
4360
2644
3222
9297
9893
786
301
552
8149
9299
3798
154
9077
9529
752
4395
9555
6531
8366
6086
5057
9784
311
8448
6899
3921
8874
4792
5069
4339
8846
679
5848
6503
7786
9720
9303
9160
2394
7919
5151
9089
6870
9856
9460
528
6626
151
4364
3800
754
7333
6459
9300
6876
4996
7344
9811
8855
9597
1077
3095
7758
7659
1996
6147
3833
6893
7802
407
4730
9573
5096
9800
5991
7734
6435
1149
5213
3616
9056
8731
839
9712
9535
8080
9320
3038
7449
1762
9728
7092
799
905
5806
3513
325
2229
5418
6302
7306
9776
2767
7338
7156
2269
1306
-1
