3464.00
0.00
3841.50
377.50
3025.00
1195.14
3306.00
1143.74
4042.80
1793.88
3994.83
1641.09
4149.43
1565.83
3932.25
1573.38
4054.89
1523.41
3957.80
1474.30
4381.73
1942.45
4044.17
2170.73
4343.92
2329.78
4133.36
2369.93
3928.73
2414.19
4308.06
2760.87
4113.59
2789.11
4180.44
2724.51
4375.00
2777.34
4242.30
2768.12
4246.76
2701.49
4143.36
2681.57
4189.52
2631.55
4135.92
2588.94
4228.48
2576.84
4408.04
2681.56
4608.07
2822.20
4642.39
2777.08
4555.69
2767.07
4413.07
2826.90
4385.39
2785.06
4553.38
2896.38
4563.97
2852.78
4522.44
2820.62
4653.14
2882.61
4743.25
2891.85
4841.41
2912.66
4789.03
2891.69
4850.56
2879.47
4809.68
2854.70
4769.37
2831.17
4723.79
2812.45
4819.51
2847.94
4906.50
2872.60
4994.04
2899.25
4980.26
2869.05
4930.55
2858.32
4894.96
2838.90
4984.80
2877.89
5082.96
2930.66
4998.71
2962.32
4908.37
3003.80
4826.17
3033.79
4887.70
3038.77
4967.91
3068.16
4947.02
3044.58
4862.93
3082.67
4935.59
3104.82
5013.44
3134.97
4942.42
3156.24
4933.44
3131.04
5007.98
3159.78
5032.16
3140.38
5084.25
3143.06
5099.66
3121.23
5099.02
3097.49
5168.94
3126.34
5097.50
3157.88
5146.06
3160.38
5171.10
3144.61
5153.49
3125.86
5205.17
3134.47
5199.51
3113.30
5197.74
3092.22
5186.29
3073.12
5234.45
3081.19
5175.29
3104.26
5183.91
3085.22
5200.61
3069.18
5232.93
3063.43
5288.32
3084.52
5337.28
3097.16
5383.34
3106.57
5347.75
3104.99
5378.00
3099.10
5375.36
3081.13
5418.05
3088.84
5434.55
3075.09
5484.22
3093.08
5528.40
3103.95
5473.45
3130.56
5485.98
3115.79
5428.61
3147.46
5417.29
3132.58
5400.26
3120.41
5351.86
3139.76
5372.29
3129.94
5383.38
3115.84
5422.94
3124.71
5437.47
3112.40
5433.10
3097.27
5451.83
3087.79
5494.16
3102.35
5526.47
3104.77
5565.24
3115.14
5522.90
3130.62
5500.21
3124.70
5521.11
3117.71
5540.72
3110.06
5508.50
3114.12
5514.25
3100.65
5499.24
3090.83
5511.58
3079.89
5531.67
3073.78
5487.10
3097.15
5480.58
3084.56
5515.56
3094.37
5512.00
3081.47
5548.03
3093.36
5551.72
3080.71
5569.76
3074.31
5576.85
3062.68
5540.85
3076.01
5538.21
3063.72
5522.83
3056.24
5550.87
3060.19
5575.91
3061.05
5538.91
3077.46
5571.26
3087.28
5601.75
3094.82
5620.66
3090.52
5648.69
3095.46
5629.06
3092.03
5642.64
3084.45
5613.90
3090.97
5644.15
3099.58
5654.72
3090.70
5619.53
3106.90
5585.61
3121.24
5587.19
3110.13
5572.48
3103.97
5535.52
3123.99
5512.40
3125.22
5511.74
3114.36
5517.19
3104.29
5529.45
3097.15
5558.33
3106.28
5539.47
3104.20
5551.54
3097.25
5562.24
3089.67
5540.43
3090.98
5512.57
3099.76
