7561
4740
1268
8610
6200
5296
6586
6755
4031
8468
9075
5131
3595
1498
9029
3205
2793
3950
5197
5515
2636
862
7739
9318
6616
8678
2454
2094
3237
3401
811
7743
915
2537
1936
4606
3468
8381
7416
7371
9744
429
6186
7408
8995
1315
6739
3212
2044
8835
9307
9159
7667
7945
2538
7179
6990
1893
3559
3146
5362
5762
6910
1076
8295
532
8694
2130
2481
5536
5686
8082
683
8428
4721
5222
454
1520
4543
8705
586
9041
8979
6898
4573
9079
7060
7670
883
7579
4037
1570
718
4203
7347
2479
9482
8417
4467
8426
9073
577
5192
7462
9912
6601
4016
1954
7120
725
7541
2624
4545
8621
9903
3538
5107
-1
