7561.00
0.00
6150.50
1410.50
4523.00
2573.68
5544.75
2846.02
5675.80
2559.01
5612.50
2340.33
5751.57
2193.34
5877.00
2078.35
5671.89
2043.56
5951.50
2112.39
6235.45
2205.18
6143.42
2133.25
5947.38
2159.13
5629.57
2375.28
5856.20
2446.40
5690.50
2454.11
5520.06
2476.52
5432.83
2433.47
5420.42
2369.15
5425.15
2309.26
5292.33
2330.56
5090.95
2456.88
5206.09
2462.81
5377.42
2547.13
5426.96
2507.44
5552.00
2536.99
5437.26
2557.39
5317.86
2586.81
5246.10
2570.02
5184.60
2548.44
5043.52
2623.39
5127.88
2624.44
5000.21
2683.38
4927.76
2676.18
4842.29
2684.35
4835.72
2647.09
4798.76
2620.48
4893.03
2648.59
4957.72
2644.65
5018.05
2638.42
5133.32
2706.09
5021.31
2768.20
5048.40
2741.45
5102.02
2732.84
5188.53
2762.56
5104.33
2790.15
5139.11
2770.37
5098.96
2755.14
5036.61
2760.88
5112.58
2784.39
5194.82
2817.62
5271.06
2843.01
5316.26
2834.87
5364.94
2830.77
5313.55
2830.23
5346.86
2815.71
5375.68
2799.22
5315.64
2811.77
5285.86
2797.05
5250.20
2787.14
5252.03
2764.23
5260.26
2742.60
5286.44
2728.55
5220.66
2757.05
5267.95
2761.80
5196.20
2801.19
5248.40
2812.37
5202.54
2816.74
5163.10
2815.11
5168.43
2795.28
5175.72
2776.19
5216.08
2777.75
5153.99
2808.53
5198.23
2814.98
5191.87
2796.69
5192.26
2778.23
5130.73
2811.78
5084.44
2823.08
5077.58
2805.81
5122.92
2817.19
5066.91
2844.21
5115.38
2860.27
5161.93
2874.07
5182.60
2863.11
5175.42
2846.98
5220.81
2861.14
5241.95
2851.40
5269.55
2846.81
5220.26
2868.28
5246.47
2863.00
5233.18
2850.01
5193.36
2859.82
5145.24
2881.61
5135.21
2867.87
5158.49
2861.65
5130.58
2859.68
5175.44
2878.65
5208.52
2882.40
5201.03
2868.76
5233.28
2872.36
5271.30
2883.28
5225.27
2906.15
5224.95
2892.01
5246.46
2886.34
5290.90
2908.09
5303.25
2897.11
5291.22
2886.19
5260.32
2890.53
5277.39
2882.70
5236.00
2901.91
5256.77
2897.01
5233.26
2894.66
5227.17
2882.54
5256.94
2887.27
5297.34
2906.87
5282.17
2898.88
5280.68
2886.51
