4826.00
0.00
5689.00
863.00
4018.00
2465.97
4014.75
2135.60
3611.20
2073.65
3364.50
1971.72
4164.43
2677.98
4600.00
2757.39
4204.33
2830.34
4713.30
3088.88
4847.55
2975.57
4820.75
2850.28
4956.00
2778.25
5113.00
2736.38
5062.67
2650.29
5259.69
2677.18
5035.18
2748.12
5194.67
2750.46
5298.63
2713.20
5166.35
2706.63
5360.29
2780.14
5543.36
2842.84
5642.00
2818.58
5758.92
2815.63
5674.88
2789.30
5821.19
2831.27
5661.74
2894.87
5668.61
2842.93
5540.41
2874.66
5669.67
2910.79
5785.68
2933.11
5810.38
2890.19
5794.21
2847.53
5816.76
2808.34
5767.11
2783.02
5647.39
2834.04
5630.24
2797.37
5554.29
2798.72
5466.72
2814.85
5472.08
2779.64
5455.37
2747.57
5436.02
2717.49
5449.67
2687.16
5336.66
2757.88
5345.84
2727.75
5443.63
2776.54
5378.83
2781.78
5394.33
2754.70
5485.78
2799.08
5503.78
2773.82
5428.08
2798.17
5348.19
2829.25
5411.89
2839.82
5371.33
2828.85
5325.98
2822.76
5293.64
2807.70
5363.81
2832.06
5382.59
2811.12
