7287.00
0.00
8295.50
1008.50
5929.67
3445.63
5391.50
3126.20
5101.80
2855.56
4262.50
3212.06
4784.14
3236.68
4686.75
3038.58
4652.33
2866.45
4210.40
3025.33
4390.27
2940.09
4788.92
3109.96
5094.92
3170.42
5210.71
3083.49
5354.60
3027.19
5576.44
3054.39
5482.12
2987.12
5627.67
2964.34
5715.74
2909.37
5465.75
3037.86
5262.90
3100.33
5119.77
3099.25
4910.00
3186.82
4899.79
3120.11
4770.52
3121.98
4668.62
3103.46
4780.22
3098.16
4694.21
3074.98
4604.93
3058.21
4759.33
3119.66
4714.77
3078.62
4641.09
3057.78
4754.36
3078.51
4810.06
3049.73
4823.66
3006.89
4693.58
3063.08
4799.32
3087.29
4906.92
3115.91
4923.77
3077.46
4983.40
3061.48
4987.29
3024.01
4965.60
2991.02
5021.63
2978.26
4931.91
3002.43
4905.58
2974.01
4870.07
2951.14
4860.85
2920.25
4833.56
2895.72
4797.16
2877.09
4856.20
2878.00
4830.24
2855.55
4739.87
2900.67
4677.09
2908.61
4719.70
2898.20
4638.93
2932.44
4611.59
2913.20
4552.11
2921.64
4600.22
2919.04
4575.68
2900.23
4534.10
2893.64
4514.93
2873.66
4581.71
2897.71
4660.57
2940.92
4590.16
2970.90
4563.66
2955.57
4530.88
2944.98
4537.90
2923.47
4525.46
2903.68
4478.41
2908.56
4495.04
2891.01
4500.04
2870.89
4472.25
2860.48
4497.73
2849.03
4567.70
2892.19
4541.85
2881.44
4604.36
2913.15
4653.34
2925.50
4644.65
2907.69
4591.72
2926.80
4566.73
2916.92
4633.21
2959.23
4675.80
2966.01
4725.98
2982.88
4772.01
2994.59
4761.85
2978.38
4722.20
2983.49
4775.62
3007.39
4770.22
2990.67
4725.10
3003.79
4731.38
2987.64
4695.79
2990.30
4687.91
2974.95
4698.27
2960.58
4729.57
2960.23
4741.68
2946.95
4702.20
2956.71
4707.55
2941.90
4665.56
2955.92
4671.58
2941.55
4692.94
2934.52
4669.94
2929.00
4638.97
2931.18
4676.33
2941.21
4633.83
2958.65
4604.93
2959.24
4565.86
2972.34
4546.91
2964.84
4583.27
2974.96
4611.69
2975.97
4630.18
2968.70
4622.49
2956.40
4608.71
2946.75
4648.54
2963.80
4632.31
2955.81
4632.85
2942.94
4673.32
2962.19
4688.88
2954.26
4672.62
2946.97
4667.06
2935.18
4665.29
2922.99
4688.21
2921.70
4689.16
2909.72
4699.87
2900.28
4702.67
2888.72
4722.69
2885.77
4710.89
2877.32
4707.53
2866.22
4700.55
2856.08
4733.74
2869.66
4759.23
2873.23
4739.24
2871.31
4747.73
2862.06
4720.68
2868.16
4702.85
2864.83
4722.25
2863.02
4697.82
2866.57
4676.45
2866.94
4670.43
2857.40
4653.93
2853.69
4632.14
2855.06
4645.55
2849.34
4624.06
2850.73
4658.33
2869.95
4661.08
2860.16
4688.90
2869.76
4700.50
2863.33
4696.61
2853.96
4720.95
2859.57
4742.17
2861.63
4773.35
2877.34
4789.03
2874.22
4760.19
2886.58
4777.10
2884.67
4807.95
2900.52
4777.50
2915.74
4800.46
2920.39
4814.59
2916.42
4806.44
2908.97
4813.58
2901.20
4789.77
2907.67
4807.64
2907.42
4819.67
2902.45
4831.98
2897.77
4808.51
2904.42
4817.88
2898.09
4824.80
2890.72
4850.59
2901.14
4826.98
2908.55
4822.76
2900.45
4851.78
2916.41
4872.08
2919.89
4856.82
2918.22
4854.76
2909.90
4832.59
2916.13
4818.26
2913.93
4801.66
2913.92
4824.01
2920.75
4801.08
2928.47
4830.09
2945.82
4828.61
2937.70
4834.43
2930.61
4840.55
2923.71
4855.44
2922.62
4853.72
2914.76
4866.18
2911.79
4845.60
2917.41
4831.87
2915.62
4851.34
2920.02
4825.86
2933.16
4817.11
2927.90
4819.53
2920.42
4829.27
2915.91
4819.45
2911.52
4828.91
2906.98
4818.09
2903.43
4814.93
2896.35
4822.89
2891.14
4822.96
2883.83
4836.80
2883.15
4859.77
2894.13
