7287
9304
1198
3777
3943
66
7914
4005
4377
233
6189
9174
8767
6716
7369
8904
3973
8102
7301
716
1206
2114
295
4665
1668
2121
7682
2372
2105
9237
3378
2357
8379
6648
5286
141
8606
8888
5564
7309
5143
4076
7375
1074
3747
3272
4437
3551
3050
7749
3532
131
1413
6978
277
3108
1221
7343
3152
2081
3365
8655
9550
154
2868
2400
5001
3692
1279
5643
4850
2499
6332
9676
2629
9292
8376
3976
463
2592
9952
8126
8840
8593
3908
1352
9370
4300
755
5290
1493
3971
5651
7641
5880
951
5221
593
5261
6808
2370
1511
8487
256
1600
463
2538
8474
7681
6646
3776
3080
9109
2798
4695
9327
6494
2770
4011
4455
7439
4804
6006
5047
7205
3236
4284
3814
8982
8048
2140
5860
1151
2331
7322
1400
1770
3845
2377
1604
6522
1594
9525
5054
8695
6383
4129
8299
7883
9418
7141
406
7347
9529
88
8358
7019
3527
5943
1003
7667
6756
6826
983
6355
5967
9132
883
4114
9756
8323
2248
4500
998
2324
1898
8756
743
9995
4562
5882
5949
7566
4539
7159
1038
2278
8492
36
3162
5281
6688
2935
6654
2720
4198
6384
4837
7576
9431
-1
