1907.00
0.00
3304.00
1397.00
4734.00
2321.83
4584.25
2027.42
4657.40
1819.27
4500.17
1697.57
4735.14
1673.72
4926.50
1645.45
4695.44
1683.38
4507.00
1694.10
4274.27
1775.02
4409.08
1757.28
4557.08
1764.46
4535.14
1702.12
4261.40
1937.31
4037.12
2067.14
4012.82
2007.78
4236.22
2157.69
4343.32
2148.73
4471.05
2167.07
4653.86
2267.36
4553.45
2262.51
4713.09
2336.02
4680.67
2292.12
4689.04
2246.18
4838.73
2326.25
4866.70
2287.22
4760.21
2313.16
4655.97
2338.91
4560.90
2355.90
4631.13
2349.29
4512.31
2405.07
4473.27
2378.62
4414.91
2367.24
4339.09
2374.70
4360.97
2345.06
4256.92
2395.93
4257.89
2364.20
4398.46
2489.37
4453.68
2482.12
4537.73
2508.64
4459.48
2528.74
4441.28
2501.94
4520.02
2526.67
4503.36
2500.89
4495.26
2474.15
4603.68
2555.76
4669.25
2568.63
4718.10
2564.72
4811.96
2622.57
4875.84
2635.73
4928.92
2637.65
5021.13
2695.93
5073.33
2697.75
5119.31
2694.38
5199.46
2735.58
5243.02
2731.00
5253.90
2708.60
5241.78
2687.13
5267.13
2671.75
5306.75
2667.47
5357.56
2675.47
5294.78
2699.80
5262.67
2690.72
5236.34
2678.24
5303.11
2711.84
5289.76
2693.71
5325.51
2689.79
5368.00
2693.12
5420.79
2709.52
5447.18
2699.43
5449.35
2680.68
5425.37
2670.02
5455.69
2664.54
5435.96
2652.15
5378.49
2681.25
5410.13
2678.02
5379.15
2674.65
5322.37
2704.57
5293.15
2700.13
5233.21
2736.45
5234.66
2719.74
5199.42
2722.07
5248.57
2742.62
5279.48
2741.12
5297.26
2730.06
5326.84
2728.15
5276.99
2752.17
5299.21
2744.60
5277.71
2736.83
5222.47
2771.74
5174.13
2794.95
5202.39
2793.06
5213.12
2780.09
5239.95
2777.63
5266.19
2774.93
5235.15
2777.29
5254.52
2769.66
5215.24
2782.93
5256.06
2798.61
5259.42
2784.92
5235.77
2781.40
5215.00
2775.81
5169.06
2801.50
5136.32
2808.04
5175.39
2823.28
5173.07
2810.16
5202.42
2813.54
5156.54
2840.89
5185.05
2843.57
5171.05
2834.53
5152.84
2828.36
5183.01
2833.87
5153.83
2838.40
5129.83
2837.64
5119.47
2827.56
5098.85
2824.19
5081.39
2818.54
5103.48
2816.91
5136.56
2828.26
5137.63
2816.58
5158.37
2814.27
5119.21
2835.98
5137.10
2831.48
5104.39
2843.55
5098.29
2833.07
5126.47
2839.57
5113.34
2832.33
5116.41
2821.55
5077.51
2845.19
5058.44
2842.64
5035.55
2843.94
5038.26
2833.40
5011.92
2839.10
5033.06
2839.13
5042.34
2830.73
5071.20
2840.39
5105.09
2857.74
5083.55
2858.66
5081.28
2848.56
5046.33
2868.41
5023.32
2871.32
5005.14
2869.45
4983.35
2871.32
4967.04
2868.08
4945.51
2869.98
4962.11
2867.23
4966.60
2858.04
4949.55
2855.98
4956.57
2847.73
4945.43
2841.56
4975.62
2856.40
