1907
4701
7594
4135
4950
3714
6145
6266
2847
2811
1947
5892
6333
4250
429
673
3624
8034
6271
6898
8310
2445
8225
3935
4890
8581
5594
1885
1737
1804
6738
829
3224
2489
1761
5127
511
4294
9740
6607
7900
1251
3677
7906
3770
4131
9591
7751
7063
9411
8070
7636
9816
7840
7602
9608
7682
5874
4539
6763
7684
8457
1402
3240
3551
9643
4409
7721
8257
9063
7295
5603
3699
7669
3976
1068
7815
2994
893
2985
438
5352
2310
9328
7876
6808
7871
940
7255
3364
251
775
7802
6211
7762
7759
2256
7133
1366
9297
5595
2848
3096
437
1732
9277
4928
8342
202
8292
3632
3131
8562
1857
2393
3929
2707
3038
7710
9073
5266
7668
342
7337
1049
4335
8678
3445
5510
59
2579
2038
5395
1509
7866
6295
8996
9748
2112
4765
153
1779
2424
1867
2619
1823
7386
5627
2426
6002
3275
9535
-1
