1275
9215
3175
8763
4767
4995
8143
1489
1879
2955
3079
5130
5510
4240
2865
2114
1577
8421
9632
3091
7954
1729
4255
7776
9166
6869
6529
3839
1540
7939
5590
2393
1707
1400
7037
3396
6434
234
6363
9805
2217
4398
5412
4426
8534
8077
9803
4587
8966
2024
4681
7559
5750
4688
4991
5912
4619
1915
4845
1405
7161
6602
7585
448
5118
7812
7720
6034
6283
1568
9863
3715
6012
2585
6086
7927
7427
3902
8378
8545
8505
6103
8240
6270
6298
7501
1654
1084
3855
7764
2106
5358
5755
2623
2965
3918
5955
7268
3040
4295
3917
1544
4237
677
4359
4725
9832
3421
3804
5874
6181
4739
9693
7263
8351
6247
1723
3722
4549
3778
2088
7339
3224
2578
1891
7513
2799
1419
1739
5608
5261
5354
8715
1731
6962
6146
8034
2058
1167
2049
983
3662
2015
1725
5862
5054
748
6001
8847
2001
2542
6396
7739
7006
3082
8634
2642
7549
7505
9627
6756
5617
4820
9190
9980
7676
822
5793
3621
8391
7097
7427
8210
2971
1657
6634
-1
