1275.00
0.00
5245.00
3970.00
4555.00
3385.18
5607.00
3451.77
5439.00
3105.59
5365.00
2839.82
5761.86
2803.12
5227.75
2978.62
4855.67
2998.99
4665.60
2901.67
4521.36
2803.98
4572.08
2689.87
4644.23
2596.40
4615.36
2504.12
4498.67
2458.30
4349.62
2449.23
4186.53
2464.03
4421.78
2583.59
4696.00
2770.78
4615.75
2723.18
4774.71
2750.99
4636.27
2761.60
4619.70
2702.02
4751.21
2719.29
4927.80
2801.28
5002.46
2772.13
5059.00
2735.54
5015.43
2695.78
4895.59
2723.74
4997.03
2733.11
5016.16
2690.71
4934.19
2687.38
4836.39
2703.55
4735.32
2726.04
4801.09
2714.04
4762.06
2686.02
4807.24
2663.31
4686.89
2728.09
4729.87
2705.89
4856.75
2786.86
4792.37
2782.62
4782.98
2749.95
4797.60
2719.44
4789.16
2688.93
4872.38
2715.59
4942.04
2726.26
5045.47
2786.83
5035.92
2758.42
5116.12
2786.11
5054.28
2791.87
5046.96
2764.85
5095.27
2759.78
5107.62
2735.07
5099.85
2710.22
5097.87
2685.51
5112.41
2663.61
5103.75
2640.93
5048.78
2650.77
5045.32
2628.34
4984.65
2647.68
5020.33
2640.39
5045.84
2626.58
5086.14
2624.90
5013.67
2667.08
5015.28
2646.52
5057.65
2648.52
5097.39
2648.43
5111.16
2631.30
5128.14
2615.91
5077.29
2631.30
5144.69
2672.87
5124.83
2659.51
5136.99
2643.25
5102.50
2641.81
5115.61
2626.56
5152.61
2628.82
5182.14
2624.36
5165.73
2611.45
5206.39
2619.60
5248.12
2629.47
5288.33
2637.82
5298.27
2623.21
5333.71
2627.04
5344.86
2613.33
5356.07
2599.95
5381.01
2594.99
5338.17
2610.44
5289.83
2634.45
5273.71
2623.97
5301.38
2622.37
5266.26
2629.11
5267.26
2614.80
5272.51
2601.19
5244.32
2601.56
5220.33
2598.26
5206.76
2588.08
5214.47
2575.81
5235.43
2570.93
5213.25
2567.32
5204.07
2556.08
5191.33
2546.59
5155.57
2559.43
5146.65
2548.56
5103.67
2573.51
5096.58
2562.25
5093.08
2550.39
5137.36
2579.07
5121.47
2572.36
5109.39
2563.61
5116.34
2552.97
5125.93
2543.43
5122.47
2532.31
5162.92
2557.16
5181.34
2553.44
5208.90
2559.29
5217.85
2550.04
5187.98
2559.42
5175.56
2552.10
5170.29
2541.99
5158.69
2534.54
5133.31
2539.31
5151.39
2536.69
5135.72
2532.28
5115.10
2532.40
5089.30
2538.55
5108.54
2537.59
5090.35
2535.81
5061.67
2546.48
5035.91
2553.27
5040.32
2543.93
5042.00
2534.27
5044.36
2524.80
5071.96
2535.20
5047.03
2542.03
5061.21
2537.92
5069.19
2530.27
5090.83
2533.62
5068.86
2537.49
5040.78
2549.76
5019.41
2553.10
4990.79
2566.48
4981.43
2559.84
4960.69
2562.83
4938.22
2568.01
4944.59
2560.28
4945.34
2551.51
4916.78
2566.12
4924.11
2558.97
4950.44
2570.41
4930.77
2573.04
4914.95
2571.82
4924.70
2566.14
4943.09
2567.77
4956.49
2564.78
4944.39
2560.89
4968.04
2569.60
4953.23
2568.08
4969.66
2568.20
4985.60
2567.95
5014.61
2585.91
5025.43
2581.50
5029.08
2573.93
5027.80
2566.08
5053.18
2578.68
5083.04
2599.14
5098.66
2599.05
5073.05
2612.18
5077.33
2604.98
5068.72
2599.67
5088.26
2604.43
5100.01
2601.32
5113.53
2599.77
5131.43
2602.85
5119.02
2600.50
5099.23
2606.15
5107.95
2601.30
