7567.00
0.00
6494.00
1073.00
5235.00
1984.37
4558.00
2080.45
5511.20
2664.02
4636.50
3120.84
4472.43
2917.15
4031.88
2967.27
3642.11
3006.94
3800.30
2891.84
4282.27
3150.47
4457.08
3071.56
4832.31
3224.64
4913.29
3121.03
5045.27
3055.37
4800.38
3106.67
4629.12
3090.78
4459.89
3083.68
4615.95
3073.59
4768.75
3068.92
4578.86
3113.03
4727.91
3117.21
4610.52
3098.01
4778.58
3138.06
4973.28
3219.20
4982.81
3157.05
5105.85
3160.92
5069.79
3109.62
5022.34
3065.83
4910.63
3073.74
4804.45
3079.18
4768.50
3037.29
4641.55
3075.93
4732.26
3074.84
4784.94
3046.12
4891.08
3068.46
4855.30
3034.31
4805.66
3009.31
4710.51
3027.83
4623.18
3039.08
4684.12
3026.44
4640.29
3003.34
4657.47
2970.30
4618.68
2947.34
4545.73
2954.31
4479.15
2955.96
4504.40
2929.35
4591.96
2960.17
4499.49
2999.04
4548.40
2988.57
4494.20
2983.85
4545.71
2977.83
4544.77
2949.61
4628.15
2984.54
4621.64
2957.67
4605.11
2933.71
4627.58
2912.72
4694.40
2931.24
4765.69
2956.58
4744.35
2936.42
4715.38
2920.88
4776.73
2936.59
4760.46
2916.00
4808.69
2918.34
4885.42
2960.15
4946.56
2978.71
4961.33
2958.83
4992.15
2947.81
4944.84
2952.26
4962.66
2934.83
4966.38
2914.25
4903.04
2942.75
4914.67
2924.19
4925.23
2905.76
4867.05
2929.39
4854.67
2912.03
4878.47
2900.49
4889.00
2883.32
4946.95
2910.36
