5923.00
0.00
7123.00
1200.00
7122.67
979.80
5348.25
3188.36
4495.80
3322.53
4185.67
3111.31
3943.00
2941.21
4237.25
2859.27
3924.67
2837.03
3561.90
2903.14
3672.18
2789.92
3679.17
2671.25
4026.85
2835.00
4365.50
2992.34
4222.53
2939.95
4550.69
3117.43
4578.06
3026.33
4694.89
2980.25
4473.47
3049.08
4442.70
2974.90
4534.05
2931.81
4547.18
2865.03
4783.96
3014.11
4596.92
3083.99
4431.52
3128.43
4307.35
3129.88
4327.26
3073.05
4385.43
3032.77
4259.10
3054.08
4122.17
3091.97
4158.39
3048.15
4032.13
3081.41
4072.85
3043.09
4074.62
2998.03
4200.74
3045.03
4288.94
3047.45
4194.89
3058.49
4103.47
3068.78
4045.28
3050.35
3998.28
3026.25
3949.34
3005.10
3864.26
3018.67
3984.09
3082.78
3972.23
3048.54
3918.18
3035.73
3993.02
3044.24
3919.13
3053.09
4041.98
3136.32
4000.90
3117.18
4086.48
3143.46
4143.14
3138.17
4207.19
3141.33
4131.60
3158.94
4090.13
3144.08
4120.98
3123.61
4158.39
3108.00
4141.02
3083.36
4110.98
3065.06
4129.64
3042.30
4064.57
3057.97
4160.85
3123.16
4221.52
3133.90
4286.49
3150.74
4264.67
3130.82
4221.54
3125.75
4175.05
3124.55
4200.69
3108.13
4222.47
3090.34
4186.57
3082.12
4184.70
3060.06
4251.32
3089.14
4200.03
3097.92
4257.23
3114.68
4238.26
3097.81
4197.91
3096.60
4218.50
3081.33
4256.00
3078.66
4315.24
3102.73
4275.77
3102.67
4338.12
3132.63
4395.74
3155.60
4425.38
3147.62
4427.40
3128.65
4398.93
3120.77
4397.65
3102.38
4372.19
3093.21
4423.20
3111.55
4460.84
3113.68
4438.21
3103.41
4433.88
3086.39
4390.68
3096.62
4416.52
3089.59
4397.90
3078.12
4351.23
3094.61
4394.80
3107.12
4417.06
3098.50
4456.82
3107.01
4487.81
3106.14
4466.63
3097.52
4508.00
3109.37
4510.10
3094.01
4562.59
3123.67
4543.81
3114.25
4589.24
3133.35
4548.12
3146.46
4510.58
3155.13
4552.90
3170.44
4535.18
3161.05
4549.39
3149.98
4598.35
3177.02
4602.68
3163.00
4628.22
3160.32
4587.27
3176.01
4585.23
3162.13
4605.56
3155.82
4566.47
3170.02
4549.72
3161.60
4533.07
3153.32
4574.39
3171.97
4616.09
3191.31
4618.74
3178.23
4587.80
3183.42
4624.81
3196.70
4650.78
3196.78
4621.70
3200.40
4645.47
3198.74
4614.50
3205.03
4589.33
3205.06
4553.90
3217.68
4531.72
3215.17
4553.50
3212.48
4536.07
3206.50
4545.84
3196.40
4544.22
3184.50
4524.51
3180.88
4524.69
3169.16
4538.08
3161.43
4533.93
3150.33
4572.27
3171.11
4610.90
3192.43
4585.76
3194.96
4606.41
3193.12
4615.76
3183.89
4600.37
3178.14
4582.83
3174.15
