5923
8323
7122
25
1086
2635
2487
6297
1424
297
4775
3756
8199
8768
2221
9473
5016
6681
488
3858
6361
4823
9993
295
462
1203
4845
5956
722
151
5245
118
5376
4133
8489
7376
809
721
1834
2165
1992
376
9017
3462
1540
7361
520
9816
2029
8280
6976
7474
201
1892
5787
6216
3168
2399
5212
225
9938
7922
8315
2890
1461
1153
5893
5682
1745
4056
8915
558
8376
2853
1212
5763
7106
8877
1197
9264
9005
6826
4593
2036
4290
2208
8810
7736
2447
4048
503
6768
2685
11
8490
6532
8274
7493
2391
8604
4720
9864
2628
9269
272
568
9039
2639
6084
9935
5080
7463
1
4354
6923
72
2606
2585
9451
9578
4937
844
9140
7845
1015
7617
712
1393
19
1670
7385
2253
5836
4328
1884
4549
6359
3966
9862
9981
1066
7518
5943
2401
2057
-1
