2465.00
0.00
1609.00
856.00
2717.67
1716.62
3028.50
1581.12
3414.20
1610.90
3322.50
1484.77
3970.86
2100.43
4512.75
2432.26
4432.00
2304.50
4063.00
2450.53
4403.36
2572.48
4474.75
2474.32
4571.54
2400.77
4500.93
2327.41
4813.07
2533.72
4827.12
2453.87
4752.18
2399.40
4791.28
2337.37
4973.74
2403.12
5071.40
2380.64
4952.05
2383.80
4882.18
2350.89
4925.83
2308.31
4957.29
2264.74
5021.12
2240.91
4923.46
2250.99
4830.81
2258.87
4839.75
2218.65
4699.38
2303.12
4780.03
2305.69
4693.55
2317.13
4649.03
2294.07
4588.39
2284.94
4534.41
2272.34
4645.09
2330.77
4790.14
2453.16
4851.49
2447.62
4970.92
2522.09
4983.54
2490.76
4997.57
2460.99
4946.32
2452.32
4917.95
2429.75
4836.93
2458.07
4912.86
2480.46
4947.98
2463.78
4934.96
2438.42
4894.68
2427.76
4821.44
2454.25
4750.92
2477.73
4829.78
2514.18
4850.41
2493.68
4910.02
2506.00
4854.42
2514.42
4886.30
2501.82
4880.44
2479.35
4945.91
2504.63
4983.30
2498.28
4911.43
2535.39
4939.44
2522.84
4980.87
2521.89
4937.15
2523.95
4958.98
2509.32
4898.51
2534.46
4962.81
2565.86
5010.40
2574.35
4995.09
2557.75
4939.31
2578.72
4880.09
2605.19
4845.61
2601.82
4782.91
2635.14
4738.31
2643.00
4706.71
2638.05
4644.37
2672.79
4643.08
2654.69
4589.47
2676.96
4576.20
2661.77
4548.99
2655.05
4516.41
2653.42
4509.16
2637.35
4460.40
2656.41
4506.26
2671.64
4524.55
2660.40
4588.02
2706.07
4619.74
2705.39
4601.78
2694.46
4664.20
2739.87
4667.37
2724.24
4633.18
2727.42
4600.58
2729.24
4629.37
2727.58
4596.19
2730.76
4605.95
2717.47
4644.04
2727.41
4673.88
2728.08
4649.35
2724.09
4688.20
2736.20
4702.80
2725.82
4747.76
2747.77
4711.39
2757.46
4758.47
2783.33
4784.56
2781.78
4827.55
2801.62
4825.65
2788.05
4840.18
2778.53
4832.30
2766.44
4860.27
2768.24
4900.41
2786.09
4931.14
2791.32
4918.61
2781.54
4911.45
2769.87
4905.81
2758.00
4874.85
2764.97
4893.07
2759.46
4862.31
2766.72
4827.30
2779.91
4826.50
2767.91
4866.44
2789.43
4842.45
2789.69
4859.97
2784.45
4832.98
2788.41
4846.79
2780.99
4857.64
2772.14
4897.89
2796.41
4860.00
2816.62
4868.87
2807.07
