2465
753
4935
3961
4957
2864
7861
8306
3786
742
7807
5260
5733
3583
9183
5038
3553
5456
8258
6927
2565
3415
5886
5681
6553
2482
2422
5081
769
7119
2099
3269
2648
2753
8408
9867
7060
9390
5463
5545
2896
3755
1434
8178
6493
4349
3042
1379
1366
8694
5882
7950
1963
6576
4564
8547
7077
815
6564
7425
2314
6291
1149
9014
8056
4000
1258
912
2501
457
1616
2463
156
4549
622
3581
2481
2008
3944
608
8175
6006
9793
7252
3093
9970
4940
1659
1732
7191
1610
5494
8149
7449
2343
8379
6105
9108
1148
9419
7394
9169
4632
6337
4012
7798
9155
8219
3565
4132
4285
1438
6934
1386
837
4734
9500
2035
6927
1621
6504
6171
9808
200
5969
-1
