8062.00
0.00
8323.50
261.50
7811.33
755.13
5859.50
3443.34
5154.80
3386.99
5140.33
3092.05
5627.86
3101.78
5320.12
3013.52
5710.44
3048.13
5554.40
2929.35
5606.00
2797.79
5914.75
2867.74
5725.85
2831.88
5510.43
2837.25
5693.93
2825.73
5793.81
2763.21
5480.35
2959.44
5679.11
2990.54
5888.47
3043.29
5891.65
2966.26
5909.43
2895.87
5834.45
2850.07
5813.65
2789.13
5861.50
2740.03
5950.32
2719.71
5837.08
2726.34
5754.59
2708.23
5638.82
2726.62
5694.10
2695.12
5572.97
2728.93
5544.13
2689.20
5520.13
2650.22
5422.00
2668.14
5293.82
2729.79
5249.46
2702.91
5159.14
2718.15
5215.62
2702.50
5150.18
2696.24
5253.41
2736.46
5361.00
2784.33
5284.66
2792.22
5256.76
2764.56
5166.26
2794.47
5249.73
2816.24
5271.51
2788.52
5296.63
2763.19
5194.87
2819.41
5185.13
2790.68
5240.71
2788.78
5264.92
2765.95
5188.80
2791.08
5266.12
2818.72
5167.32
2881.46
5149.48
2857.61
5137.84
2832.80
5166.80
2815.60
5125.42
2807.92
5154.43
2792.21
5187.42
2779.83
5115.47
2811.43
5048.74
2835.80
5002.45
2835.97
5058.70
2848.02
4981.52
2891.33
5044.51
2912.92
5015.23
2900.39
4967.58
2904.57
5035.68
2936.52
4977.22
2954.75
5023.14
2958.27
5030.10
2937.94
4980.68
2947.03
5019.51
2945.26
4979.24
2945.45
4961.20
2929.87
4930.75
2922.45
4976.43
2930.59
4991.24
2914.65
5001.78
2897.64
4991.61
2880.89
5046.81
2905.31
5085.27
2908.21
5096.47
2892.41
