1192
6497
3058
1689
7670
1704
3801
1083
3034
3309
438
4320
4872
9868
601
4635
7216
6396
2456
558
9637
68
9685
5230
1919
598
4706
7120
6019
4293
3061
1643
1953
7057
9859
2863
1064
4221
1451
6314
9899
1551
1990
754
1364
6749
6068
1920
5291
40
5065
2528
5740
2305
3142
9273
8241
4604
8212
3488
825
6247
473
6238
1518
4818
4412
8166
1492
2368
1401
2035
591
3318
661
4654
4284
4569
2910
3895
4155
2664
2688
3532
5410
8792
4870
808
4201
3863
6705
6448
9399
4996
9464
4821
5007
7657
8677
9396
9835
5277
7264
6743
7949
5348
7617
9867
6097
5494
9422
5782
1652
9530
9948
2324
566
1128
4340
4614
8938
9668
8814
2351
8038
5010
2556
9543
3283
7363
3519
1905
6016
6188
960
8856
1224
7492
3302
5708
6916
9437
5021
8846
3521
5428
6261
4931
1450
537
1487
3314
4936
185
4993
2335
7243
6018
1681
8142
2871
817
9109
3522
3764
85
7462
7310
1054
8703
2982
3993
1453
458
928
9494
1845
1433
4290
8644
8995
853
1461
9522
2986
7793
6396
6821
3153
1852
9925
5585
6522
9672
6939
2213
-1
