1192.00
0.00
3844.50
2652.50
3582.33
2197.26
3109.00
2071.98
4021.20
2600.56
3635.00
2526.17
3658.71
2339.50
3336.75
2348.34
3303.11
2216.08
3303.70
2102.36
3043.18
2167.21
3149.58
2104.74
3282.08
2073.60
3752.50
2620.99
3542.40
2651.34
3610.69
2580.73
3822.76
2643.49
3965.72
2635.76
3886.26
2587.52
3719.85
2624.24
4001.62
2854.22
3822.82
2906.49
4077.70
3083.76
4125.71
3027.60
4037.44
2997.78
3905.15
3013.06
3934.81
2960.60
4048.57
2966.73
4116.52
2937.22
4122.40
2888.03
4088.16
2847.25
4011.75
2834.52
3949.36
2813.46
4040.76
2821.07
4207.00
2944.59
4169.67
2911.79
4085.73
2916.00
4089.29
2877.45
4021.64
2870.77
4078.95
2857.16
4220.90
2961.47
4157.33
2954.18
4106.93
2937.84
4030.73
2946.94
3971.47
2940.40
4031.85
2936.34
4075.17
2919.76
4030.27
2905.53
4056.00
2881.25
3975.68
2907.18
3997.04
2882.50
3968.79
2861.77
4002.21
2844.86
3970.78
2827.67
3955.71
2804.04
4050.66
2866.72
4124.18
2894.23
4132.45
2869.85
4201.59
2893.74
4189.70
2870.98
4134.54
2879.23
4168.61
2868.28
4109.95
2882.67
4143.20
2872.22
4102.82
2868.29
4113.65
2847.82
4118.10
2826.72
4177.63
2847.85
4138.71
2845.30
4113.41
2832.71
4075.21
2830.79
4046.87
2821.19
3999.53
2830.45
3990.32
2812.36
3945.93
2819.52
3955.25
2802.07
3959.52
2784.07
3967.33
2767.01
3953.95
2751.99
3953.21
2734.74
3955.70
2717.90
3939.95
2704.99
3924.87
2692.11
3920.19
2676.38
3937.72
2665.44
3994.16
2700.51
4004.23
2686.57
3967.91
2692.66
3970.53
2677.60
3969.33
2662.71
3999.40
2663.35
4026.01
2660.97
4083.78
2704.02
4093.49
2691.23
4150.02
2732.56
4157.01
2719.14
4165.77
2706.45
4201.40
2715.37
4246.61
2738.44
4298.10
2772.47
4352.92
2812.65
4361.98
2800.31
4390.16
2801.17
4412.78
2797.11
4446.46
2804.87
4454.96
2792.97
4484.51
2796.49
4534.35
2830.85
4548.69
2821.77
4557.28
2810.34
4601.11
2835.16
4611.65
2824.66
4585.46
2825.77
4628.83
2850.87
4675.09
2881.09
4654.82
2876.87
4619.87
2889.17
4590.28
2894.66
4588.18
2882.56
4588.39
2870.52
4624.34
2885.63
4665.68
2909.54
4699.41
2921.54
4680.47
2917.30
4707.33
2920.96
4709.73
2909.47
4692.77
2904.24
4730.66
2924.22
4719.44
2915.63
4739.78
2913.56
4730.46
2904.37
4709.05
2903.70
4718.88
2894.96
4729.84
2886.91
4701.92
2894.31
4732.46
2905.40
4706.85
2910.15
4727.04
2909.19
4716.78
2901.21
4723.86
2892.03
4739.41
2887.62
4772.49
2904.13
4774.23
2894.03
4802.51
2903.72
4793.67
2895.63
4798.01
2886.17
4807.97
2878.85
4808.80
2869.13
4786.26
2872.60
4757.93
2883.82
4736.26
2886.47
4726.91
2879.26
4728.27
2869.88
4698.77
2883.73
4700.67
2874.51
4685.51
2871.50
4701.80
2869.56
4710.13
2862.37
4691.08
2863.38
4712.64
2867.35
4701.20
2862.09
4677.23
2869.41
4704.42
2881.45
4697.21
2874.13
4691.55
2866.32
4663.80
2879.82
4680.56
2879.29
4696.21
2877.83
4674.66
2882.86
4698.35
2890.83
4688.32
2885.34
4684.27
2877.42
4665.60
2879.53
4641.41
2888.81
4620.19
2894.11
4647.89
2909.04
4632.05
2908.40
4614.08
2910.06
4612.27
2902.02
4634.67
2909.42
4658.76
2919.32
4637.85
2924.85
4620.49
2926.24
4647.12
2940.44
4638.15
2935.01
4655.11
2936.19
4664.42
2931.08
4675.89
2927.48
4667.83
2921.81
4653.01
2921.23
4680.61
2938.31
4685.32
2931.37
4694.84
2926.73
4720.49
2940.86
4731.87
2937.59
4719.02
2935.57
