444.00
0.00
3980.50
3536.50
5581.33
3669.23
5381.75
3196.39
4777.80
3103.64
4901.00
2846.58
4994.14
2645.28
5603.25
2952.95
6048.67
3055.84
5635.30
3153.13
5182.55
3329.90
4772.00
3466.73
4563.15
3408.40
4376.00
3353.02
4396.20
3240.20
4537.19
3184.48
4680.76
3142.32
4724.50
3059.11
4900.21
3069.42
4889.60
2992.06
5092.29
3057.41
5015.23
3007.91
4933.52
2966.66
4786.25
2988.84
4742.44
2936.31
4728.38
2880.15
4828.56
2872.09
4825.54
2820.38
4754.24
2796.89
4742.80
2750.57
4735.13
2706.16
4881.37
2785.23
4975.82
2794.25
4895.35
2791.39
4772.26
2843.31
4737.53
2811.06
4657.16
2814.43
4631.42
2781.56
4672.41
2757.27
4714.05
2734.98
4607.05
2784.89
4653.95
2767.88
4744.95
2798.36
4758.55
2767.81
4657.76
2817.36
4605.91
2808.19
4646.40
2791.69
4569.62
2812.16
4565.94
2783.43
4565.14
2755.47
4606.14
2743.68
4597.42
2717.88
4531.28
2734.04
4490.26
2725.02
4559.87
2748.16
4561.84
2723.56
4638.74
2760.21
4699.45
2774.44
4674.53
2757.36
4681.57
2734.82
4611.70
2765.77
4542.55
2796.04
4580.75
2790.02
4515.42
2816.28
4544.35
2804.10
4588.80
2805.76
4668.63
2859.25
4636.76
2850.11
4709.14
2891.65
4729.87
2876.08
4742.68
2857.76
4723.08
2842.64
4733.42
2824.47
4676.36
2847.37
4701.59
2836.63
4700.57
2817.92
4646.70
2838.67
4670.54
2828.16
4675.76
2810.58
4683.34
2793.77
4697.11
2779.21
4687.88
2763.46
4724.33
2766.52
4747.55
2758.13
4764.59
2746.30
4742.51
2737.86
4732.02
2723.82
