3545
8112
7892
9068
6215
1962
3656
9715
7126
7105
5247
3802
4870
8471
9257
4539
9249
3160
4830
39
5084
6895
1946
9520
9501
8316
8386
568
4260
7808
5246
767
6650
1156
3308
142
8753
2874
5616
1864
1571
4039
5036
7207
1692
9778
9702
8442
4642
6314
8166
1031
4451
640
6128
8529
7367
8272
418
84
4311
8250
5075
3666
4333
9166
9731
1612
1081
518
6448
6557
8588
7552
432
2388
1390
2072
2841
5044
6317
3890
9547
1773
3951
5
8377
7172
1488
2232
1394
2877
9875
621
4931
7001
553
8189
4034
8280
7037
4381
9951
9261
1526
8728
7499
5451
9727
7399
5141
1765
4928
3269
3343
647
7615
1634
1123
2606
7171
3381
7035
9192
763
9760
944
9654
4524
5299
6798
5455
6
3505
4513
5723
4558
9305
5395
201
6577
9433
4975
5524
5436
5811
8341
9074
3833
602
7252
203
3670
5283
6787
8826
2900
3933
4680
3200
6806
5101
3467
9241
425
9021
7872
3121
299
626
881
4412
385
1892
6012
6079
952
9820
197
878
6519
6515
5289
2795
1192
8268
8799
6319
1191
5146
7529
4921
892
8552
4142
-1
