3545.00
0.00
5828.50
2283.50
6516.33
2102.97
7154.25
2130.18
6966.40
1941.98
6132.33
2573.15
5778.57
2534.97
6270.62
2705.12
6365.67
2564.53
6439.60
2443.02
6331.18
2354.43
6120.42
2360.09
6024.23
2291.85
6199.00
2296.62
6402.87
2346.21
6286.38
2316.08
6460.65
2352.57
6277.28
2408.06
6201.11
2366.00
5893.00
2668.66
5854.48
2610.03
5901.77
2559.22
5729.78
2629.76
5887.71
2683.49
6032.24
2722.94
6120.08
2705.94
6204.00
2689.62
6002.71
2840.71
5942.62
2809.35
6004.80
2782.36
5980.32
2740.39
5817.41
2845.68
5842.64
2805.86
5704.79
2875.47
5636.31
2862.08
5483.69
2962.98
5572.05
2970.36
5501.05
2962.66
5504.00
2924.49
5413.00
2943.09
5319.29
2966.77
5288.81
2937.73
5282.93
2903.62
5326.66
2884.72
5245.89
2902.37
5344.41
2945.75
5437.13
2981.32
5499.73
2981.15
5482.22
2953.07
5498.86
2925.70
5551.16
2920.39
5464.23
2958.04
5445.11
2933.24
5356.13
2977.29
5370.16
2951.90
5426.57
2955.18
5460.61
2940.20
5509.09
2937.63
5422.80
2985.84
5333.82
3038.72
5317.05
3016.50
5364.35
3014.80
5359.76
2991.00
5333.30
2974.97
5317.91
2954.56
5376.21
2969.53
5441.21
2994.22
5384.90
3007.65
5322.52
3029.75
5253.89
3061.59
5270.70
3043.21
5288.57
3025.75
5333.77
3029.33
5363.74
3019.67
5297.99
3052.34
5259.70
3050.27
5209.44
3061.91
5169.22
3062.62
5139.75
3054.29
5138.55
3035.16
5153.10
3019.17
5137.70
3003.90
5190.82
3024.26
5150.13
3028.97
5136.02
3013.88
5076.36
3046.37
5114.30
3049.18
5137.68
3039.64
5096.67
3046.90
5064.84
3044.77
5024.51
3052.08
5001.16
3043.60
5053.57
3068.65
5006.41
3085.97
5005.62
3069.69
5026.41
3060.38
4980.29
3077.91
5013.03
3079.10
5003.14
3065.07
5035.91
3067.09
5055.72
3058.29
5049.11
3043.99
5096.70
3067.07
5136.74
3079.22
5102.35
3084.52
5136.56
3089.88
5158.64
3083.80
5161.34
3069.62
5203.23
3086.36
5223.19
3079.36
5222.45
3065.46
5191.58
3069.03
5189.25
3055.52
5172.40
3047.35
5156.50
3038.83
5117.62
3054.28
5138.97
3049.88
5109.26
3053.88
5075.76
3062.71
5055.18
3058.18
5072.67
3051.53
5058.80
3042.82
5074.87
3035.62
5108.07
3045.70
5073.31
3058.09
5110.51
3074.19
5077.70
3084.12
5113.45
3098.36
5108.88
3086.76
5110.35
3074.91
5123.23
3066.67
5125.74
3055.17
5087.25
3075.63
5075.44
3067.15
5071.27
3056.15
5076.07
3045.41
5072.28
3034.59
5102.96
3044.81
5105.06
3033.94
5070.03
3051.17
5080.72
3042.96
5111.37
3053.99
5110.41
3043.31
5113.28
3032.92
5115.51
3022.56
5120.27
3012.74
5142.18
3014.12
5168.75
3021.14
5159.79
3012.96
5129.40
3025.72
5143.46
3020.59
5110.95
3037.02
5101.54
3029.30
5102.71
3019.49
5113.58
3012.75
5137.38
3017.66
5123.13
3013.29
5115.59
3005.23
5112.86
2995.96
5100.90
2990.38
5111.49
2984.09
5111.43
2974.87
5101.34
2968.51
5126.58
2976.94
5098.08
2990.25
5121.72
2996.65
5138.19
2995.18
5126.18
2990.29
5097.62
3004.32
5071.31
3014.93
5046.81
3023.03
5043.12
3014.62
5016.19
3026.56
4998.24
3027.08
5004.03
3019.39
5010.14
3011.88
4987.21
3018.72
5014.36
3031.83
4987.45
3044.59
4964.62
3051.45
4973.20
3045.19
4981.68
3038.95
4983.36
3030.72
4971.46
3026.75
4951.03
3031.25
4968.87
3032.81
4989.35
3037.56
4996.42
3031.01
4976.29
3035.57
4977.18
3027.59
4990.54
3025.27
4990.18
3017.38
4968.94
3023.90
4987.41
3026.99
4983.08
3019.83
