4827.00
0.00
2705.50
2121.50
1925.33
2053.74
1998.75
1783.13
2817.60
2285.98
2477.83
2220.80
2526.71
2059.54
3137.25
2514.12
2906.44
2458.59
3157.00
2450.55
3083.82
2347.94
2877.75
2349.58
3370.85
2830.83
3429.00
2735.90
3726.47
2867.92
3926.00
2882.38
4125.65
2908.11
4279.00
2896.05
4145.42
2875.21
3956.55
2920.83
4216.48
3078.35
4079.00
3072.85
4022.70
3016.89
3965.67
2966.00
4139.32
3028.04
4313.50
3094.32
4221.26
3072.69
4413.14
3177.79
4342.48
3144.83
4269.63
3116.76
4401.23
3149.65
4540.88
3196.07
4491.15
3159.82
4463.94
3116.92
4440.86
3075.02
4439.69
3032.02
4488.24
3004.92
4508.50
2967.67
4549.41
2940.22
4592.05
2915.42
4513.05
2922.67
4615.10
2960.67
4513.81
2998.76
4595.52
3012.52
4666.20
3015.52
4697.48
2989.94
4695.64
2957.98
4801.37
3015.44
4767.86
2993.53
4685.18
3019.42
4641.14
3005.85
4580.37
3008.28
4606.15
2985.56
4565.59
2972.49
4501.67
2982.56
4441.52
2989.29
4427.74
2964.74
4481.31
2966.78
4432.47
2964.95
4401.83
2949.54
4439.93
2940.11
4408.81
2926.42
4355.54
2933.25
4350.83
2910.48
4348.20
2888.08
4340.14
2866.86
4380.96
2864.64
4459.09
2914.53
4458.99
2893.34
4438.87
2877.45
4447.49
2858.02
4433.81
2840.45
4394.37
2840.70
4394.64
2821.45
4389.11
2802.98
4370.01
2789.38
4434.19
2827.13
4488.76
2849.46
4540.22
2867.61
4530.57
2850.92
4489.37
2857.14
4513.32
2847.83
4471.16
2856.25
4503.19
2854.16
4530.31
2848.18
4486.88
2859.73
4460.43
2853.82
