1263.00
0.00
2675.00
1412.00
3859.67
2033.72
4840.75
2447.37
5389.40
2448.62
4773.83
2625.08
4493.43
2525.55
4097.88
2583.86
4577.22
2787.96
5042.00
2989.92
4698.27
3050.97
4509.75
2987.25
4199.92
3064.17
3929.14
3109.93
4294.80
3301.33
4639.38
3463.89
4585.65
3367.34
4636.89
3279.27
4485.11
3256.13
4309.50
3264.68
4453.86
3250.75
4556.77
3210.84
4446.00
3182.95
4635.92
3246.33
4655.76
3182.22
4648.38
3120.64
4507.74
3145.16
4419.46
3122.36
4412.38
3068.29
4481.10
3039.33
4599.97
3059.97
4676.25
3041.58
4792.15
3066.06
4791.32
3020.64
4894.17
3036.97
4833.31
3016.07
4878.97
2987.62
4781.95
3006.54
4679.28
3034.48
4566.48
3078.01
4626.93
3064.19
4738.86
3111.17
4680.07
3098.29
4744.66
3092.03
4852.91
3140.67
4891.35
3117.02
4848.60
3097.29
4883.50
3074.18
4884.78
3042.66
4795.74
3075.89
4724.84
3086.57
4792.44
3094.63
4731.06
3097.09
4650.81
3123.40
4709.20
3124.47
4737.43
3103.52
4816.91
3133.15
4750.31
3146.46
4770.17
3123.35
4723.77
3117.65
4781.82
3124.52
4719.16
3137.62
4801.05
3178.70
4729.84
3204.00
4721.17
3180.02
4660.23
3193.85
4606.73
3199.58
4573.76
3187.41
4512.77
3203.96
4516.91
3181.18
4499.61
3162.02
4503.21
3140.13
4521.64
3122.47
4573.66
3132.98
4557.60
3115.09
