6390
8577
4632
7857
776
8528
9123
8266
1128
3133
7224
4500
9114
9462
2713
2638
8712
7301
8742
998
2339
8897
8882
46
2817
6467
3909
5853
9706
6902
6215
6902
2290
5137
7274
2576
2551
2304
3766
962
4877
8346
6935
6335
455
5794
4027
3874
5750
7543
2230
7320
9180
1152
6959
5996
3290
9695
6177
6628
76
9156
826
7662
8925
3322
7822
2020
4359
1574
5438
5850
5800
7549
3648
2505
7615
7116
7597
8094
9785
6784
5337
6322
4273
9908
7989
9232
1959
2863
1062
2736
6968
5945
8780
7224
8331
2759
7997
613
6088
888
1024
6693
3369
7557
3880
5453
6841
7170
2000
4012
7002
896
3641
5841
5936
9222
1721
7782
3795
1499
2626
4392
119
731
7658
1936
4114
1697
7141
4989
4791
4781
6238
8955
3617
2211
9982
5609
363
4959
4876
3410
5744
6864
2882
8474
5326
1291
5103
6883
6209
2455
2342
4152
806
2944
5406
2143
7138
6688
4580
415
2653
9540
6528
8683
2524
96
3639
1690
2715
3313
4336
3742
4764
3116
5147
749
4564
6764
9512
6386
-1
