6390.00
0.00
7483.50
1093.50
6533.00
1613.71
6864.00
1510.54
5646.40
2784.88
6126.67
2759.76
6554.71
2761.81
6768.62
2644.70
6141.89
3059.36
5841.00
3039.49
5966.73
2925.19
5844.50
2829.84
6096.00
2855.00
6336.43
2884.49
6094.87
2929.59
5878.81
2957.42
6045.47
2945.54
6115.22
2876.96
6253.47
2861.00
5990.70
3014.63
5816.81
3043.03
5956.82
3041.50
6084.00
3033.87
5832.42
3205.72
5711.80
3196.05
5740.85
3137.35
5673.00
3098.08
5679.43
3042.44
5818.28
3078.48
5854.40
3032.98
5866.03
2984.34
5898.41
2942.87
5789.06
2963.21
5769.88
2921.39
5812.86
2890.23
5722.94
2899.03
5637.22
2905.48
5549.50
2916.22
5503.77
2892.36
5390.22
2942.68
5377.71
2907.65
5448.38
2908.25
5482.95
2882.96
5502.32
2852.84
5390.16
2917.42
5398.93
2886.14
5369.74
2862.13
5338.58
2840.20
5346.98
2811.67
5390.90
2800.34
5328.92
2807.17
5367.21
2793.46
5439.15
2815.19
5359.76
2848.27
5388.84
2830.33
5399.68
2806.10
5362.67
2795.13
5437.36
2827.73
5449.90
2805.29
5469.53
2785.90
5381.11
2846.59
5442.00
2863.31
5368.73
2898.49
5404.56
2889.78
5458.72
2900.02
5426.35
2889.78
5462.10
2882.80
5411.49
2891.37
5396.23
2873.10
5341.63
2888.33
5342.99
2867.94
5350.03
2848.58
5356.19
2829.48
5385.82
2821.68
5362.65
2809.89
5325.05
2810.27
5354.79
2803.97
5377.37
2792.98
5405.47
2786.31
5439.07
2784.91
5492.73
2808.96
5508.48
2795.38
5506.41
2778.55
5516.12
2763.38
5501.49
2750.34
5552.73
2774.81
5580.74
2771.01
5622.23
2782.27
5581.07
2793.41
5550.87
2792.42
5501.54
2816.19
5471.48
2815.48
5487.57
2804.56
5492.44
2789.99
5527.04
2795.48
5544.72
2786.21
5573.44
2786.06
5544.72
2786.21
5569.49
2782.92
5519.93
2812.55
5525.55
2799.16
5480.09
2822.63
5436.83
2842.68
5448.90
2831.63
5429.10
2825.35
5449.17
2819.50
5434.50
2810.35
5434.68
2797.31
5447.58
2787.68
5463.24
2779.79
5432.04
2786.52
5419.36
2777.27
5433.36
2768.92
5393.56
2789.03
5378.32
2781.64
5382.31
2769.95
5387.04
2758.56
5419.54
2769.25
5388.46
2778.18
5408.41
2775.12
5395.07
2767.49
5363.14
2778.42
5340.89
2778.00
5333.23
2768.08
5291.52
2795.84
5255.33
2813.97
5274.24
2810.90
5248.16
2815.29
5239.37
2806.12
5212.12
2812.38
5226.85
2806.65
5225.05
2796.08
5221.78
2785.80
5218.49
2775.64
5226.04
2766.73
5253.46
2774.88
5241.52
2768.25
5219.56
2770.15
5253.82
2789.36
5256.36
2779.54
5221.65
2799.94
5219.80
2790.15
5217.40
2780.52
5204.85
2774.91
5208.57
2765.69
5219.90
2759.58
5204.00
2756.88
5226.09
2760.58
5226.77
2751.32
5200.53
2760.77
5199.88
2751.62
5210.95
2745.93
5217.48
2738.12
5199.54
2738.22
5181.10
2738.95
5174.51
2731.39
5146.68
2744.77
5132.74
2741.64
5134.46
2733.09
5115.76
2734.72
5128.32
2730.84
5137.95
2725.13
5134.53
2717.11
5105.75
2733.62
5090.88
2731.96
5117.69
2745.39
5126.13
2739.32
5147.30
2744.83
5131.78
2744.08
5102.16
2762.97
5093.60
2757.13
5073.81
2761.26
5060.18
2759.07
5050.14
2754.30
5046.06
2746.94
5038.65
2740.88
5037.10
2733.20
5026.30
2729.30
5026.98
2721.68
5003.21
2732.67
5000.78
2725.30
5010.47
2720.93
5035.07
2733.70
5042.41
2728.07
