357
6295
2241
355
4851
7038
754
5338
176
1197
8377
102
9495
8800
5435
413
6660
5307
9052
6574
7895
5863
3560
6300
7756
2245
5656
6759
628
8771
4553
9024
7190
2372
3953
6996
4555
3150
4198
3066
2587
1086
6114
706
2225
7361
1049
8700
9216
9855
4149
281
8595
1352
3182
690
4959
9573
9582
1062
618
1041
2899
1119
1778
7686
1169
4202
4840
8438
1234
3121
7534
2851
199
5825
6927
3007
4119
7946
3835
2142
8889
5859
275
25
2160
6571
7297
3074
3721
832
6643
4661
1218
282
5605
1656
6438
7336
3382
3877
5708
4051
1958
3767
8924
626
1015
1743
5788
9473
7358
1784
790
821
4537
7124
4920
-1
