357.00
0.00
3326.00
2969.00
2964.33
2477.55
2312.00
2424.93
2819.80
2394.93
3522.83
2692.77
3127.29
2674.68
3403.62
2606.57
3045.00
2658.61
2860.20
2582.39
3361.73
2928.78
3090.08
2945.28
3582.77
3304.58
3955.43
3456.24
4054.07
3359.38
3826.50
3370.00
3993.18
3336.67
4066.17
3256.59
4328.58
3359.57
4440.85
3310.87
4605.33
3313.75
4662.50
3248.15
4614.57
3184.70
4684.79
3135.78
4807.64
3130.81
4709.08
3109.32
4744.15
3056.43
4816.11
3024.56
4671.69
3068.63
4808.33
3105.49
4800.10
3055.33
4932.09
3095.71
5000.52
3072.92
4923.21
3059.79
4895.49
3020.09
4953.83
2997.79
4943.05
2957.71
4895.87
2932.61
4877.97
2896.87
4832.68
2874.39
4777.90
2860.17
4690.00
2881.42
4723.12
2855.80
4631.82
2885.94
4578.33
2875.66
4638.83
2873.04
4562.45
2889.13
4648.65
2919.31
4741.86
2960.66
4844.12
3017.05
4830.49
2988.88
4743.00
3025.23
4815.68
3042.04
4751.54
3049.70
4723.00
3029.12
4650.98
3049.09
4656.39
3022.50
4741.16
3063.92
4823.20
3101.44
4760.52
3112.95
4692.61
3131.82
4633.71
3140.34
4606.17
3122.85
4551.69
3128.39
4509.02
3122.95
4557.15
3123.40
4506.58
3127.11
4502.10
3104.25
4507.00
3081.94
4563.16
3095.20
4516.27
3098.26
4496.89
3081.00
4538.49
3080.12
4515.69
3065.44
4458.13
3084.92
4476.12
3068.52
4507.95
3061.13
4488.71
3046.13
4484.03
3027.07
4527.30
3032.58
4518.75
3014.77
4489.77
3007.67
4542.77
3027.78
4558.44
3013.08
4508.05
3030.71
4455.92
3051.12
4429.53
3043.39
4453.86
3034.55
4485.81
3032.30
4470.12
3019.04
4461.89
3003.42
4422.43
3010.67
4446.31
3003.19
4448.60
2987.25
4414.59
2989.72
4371.54
3003.56
4384.26
2990.63
4356.42
2987.94
4377.44
2980.09
4407.03
2979.73
4396.88
2966.68
4391.78
2952.55
4404.56
2941.01
4401.16
2927.04
4377.90
2922.72
4372.13
2909.50
4414.67
2928.80
4379.59
2937.71
4348.72
2941.75
4325.04
2938.77
4338.22
2928.77
4384.06
2955.40
4410.38
2955.45
4387.34
2952.63
4356.06
2958.68
4325.59
2963.97
4327.39
2951.34
4351.09
2949.97
4355.87
2938.00
