2506.00
0.00
4376.00
1870.00
3384.67
2072.86
3345.50
1796.43
4073.80
2168.74
3440.17
2434.54
3925.71
2548.49
4407.00
2702.67
4087.44
2703.65
4467.80
2807.27
4924.27
3041.06
4587.58
3118.38
4469.85
3023.68
4486.50
2914.31
4720.47
2948.45
4441.38
3052.60
4465.35
2963.01
4499.33
2882.94
4304.32
2925.49
4331.35
2853.85
4272.38
2797.53
4266.77
2733.33
4392.00
2737.01
4522.62
2751.65
4526.64
2696.12
4541.31
2644.78
4490.15
2608.42
4672.29
2730.67
4723.14
2696.64
4636.93
2691.65
4677.90
2657.37
4641.75
2623.25
4599.33
2594.32
4746.85
2692.71
4883.54
2771.06
4959.92
2769.41
5091.38
2843.33
5009.76
2849.25
5047.10
2821.89
4953.77
2846.69
4915.34
2822.25
4940.21
2792.99
4872.74
2794.74
4821.98
2782.79
4717.00
2838.43
4820.35
2891.75
4791.94
2867.30
4880.62
2901.69
4926.06
2889.13
4857.98
2899.53
4785.02
2916.94
4701.50
2949.69
4743.38
2937.30
4777.13
2920.33
4860.67
2958.07
4879.79
2934.96
4955.75
2964.13
4941.97
2940.31
4923.22
2918.78
4909.70
2896.21
4942.44
2883.55
5010.08
2908.58
4983.02
2893.26
4919.06
2915.11
4979.29
2932.45
4946.82
2921.90
4973.31
2907.99
4925.88
2912.53
4867.96
2930.53
4823.76
2932.60
4881.54
2951.73
4942.54
2975.89
4968.64
2963.73
4945.74
2950.13
4905.32
2950.96
4948.22
2954.93
