9291.00
0.00
5323.50
3967.50
5626.67
3267.70
4679.25
3271.27
4975.80
2985.42
5058.33
2731.54
4419.14
2974.36
4676.63
2864.44
5002.44
2853.53
5124.10
2731.59
5204.55
2616.86
5055.50
2553.75
4932.46
2490.31
4660.21
2592.72
4350.27
2760.26
4621.69
2871.91
4439.82
2879.56
4309.61
2849.47
4318.26
2773.71
4587.70
2947.56
4579.67
2876.75
4509.55
2828.92
4626.91
2820.97
4486.75
2842.21
4362.12
2850.93
4326.85
2801.13
4301.44
2751.82
4190.61
2762.92
4105.21
2752.22
4050.83
2721.76
3953.52
2730.04
3972.59
2689.14
3956.52
2649.65
3988.50
2616.85
4155.43
2756.75
4054.31
2783.25
4114.54
2769.06
4119.29
2732.54
4266.90
2846.62
4198.62
2842.97
4246.56
2824.40
4290.31
2804.60
4293.67
2771.88
4402.70
2831.94
4315.64
2859.22
4350.91
2837.85
4373.74
2811.77
4333.79
2795.77
4280.92
2791.24
4269.36
2764.37
4349.82
2795.64
4444.50
2850.00
4534.40
2896.45
4499.89
2880.49
4584.60
2921.27
4635.91
2919.98
4570.21
2935.71
4504.93
2951.73
4546.64
2943.80
4519.00
2926.88
4607.82
2983.20
4610.15
2959.10
4687.24
2997.63
4690.87
2974.26
4756.94
2998.24
4706.91
3002.65
4735.93
2989.47
4800.81
3014.56
4860.42
3032.74
4927.79
3062.55
