6997.00
0.00
3737.00
3260.00
2786.00
2982.26
3651.50
2986.25
3974.00
2747.76
3615.33
2633.44
3961.14
2581.05
4042.50
2423.92
4137.78
2301.13
4060.80
2195.23
4457.91
2440.88
4759.42
2541.92
4395.92
2747.70
4794.36
3012.36
4663.20
2951.31
4699.44
2861.04
4627.82
2790.35
4388.83
2885.22
4321.32
2822.84
4526.75
2893.42
4515.90
2824.10
4609.05
2791.99
4690.48
2757.20
4541.04
2792.68
4417.68
2802.20
4353.42
2766.50
4476.15
2785.97
4349.86
2813.38
4390.34
2772.73
4551.57
2861.04
4629.06
2846.35
4563.88
2824.93
4594.18
2787.08
4712.12
2828.13
4647.91
2812.47
4704.67
2793.38
4728.30
2759.02
4645.37
2768.81
