1590
5235
8732
5919
6713
1781
2663
5502
5977
2970
1523
3740
7236
4768
209
1881
8345
1350
5395
1801
8849
8020
5044
4102
809
7947
8952
8111
9536
2571
5390
2516
5221
2622
2020
3766
2943
8847
2523
8948
3310
7902
6569
5923
5766
6649
3211
2645
7680
5817
1645
3032
940
7851
691
8005
1267
1086
7022
3999
2603
1867
9911
1244
3551
6829
3241
1052
5143
1490
4953
666
1370
996
5300
1418
5848
7760
82
4315
1317
348
1238
8841
4272
551
2804
7449
581
4173
9337
2722
2438
7564
2639
4468
8065
6002
7485
4917
6024
8968
7287
3303
5591
4891
3301
5327
5413
4403
7397
9789
6834
3354
1324
3229
858
7166
4041
6002
3200
6888
1944
7728
5097
2765
2060
8101
3207
6593
9678
308
9704
3804
8368
6213
1401
4676
8352
9838
8544
2808
4656
8550
4583
7405
823
7811
7
-1
