1590.00
0.00
3412.50
1822.50
5185.67
2915.92
5369.00
2545.15
5637.80
2339.07
4995.00
2573.97
4661.86
2518.88
4766.88
2372.52
4901.33
2268.93
4708.20
2229.12
4418.64
2314.24
4362.08
2223.64
4583.15
2269.51
4596.36
2187.48
4303.87
2379.86
4152.44
2377.76
4399.06
2508.85
4229.67
2536.22
4291.00
2482.25
4166.50
2479.52
4389.48
2617.18
4554.50
2666.49
4575.78
2609.79
4556.04
2556.59
4406.16
2610.34
4542.35
2648.67
4705.67
2729.31
4827.29
2753.63
4989.66
2838.87
4909.03
2824.72
4924.55
2780.09
4849.28
2768.21
4860.55
2726.69
4794.71
2712.78
4715.43
2713.41
4689.06
2680.01
4641.86
2658.66
4752.53
2708.43
4695.36
2696.60
4801.67
2744.21
4765.29
2720.29
4839.98
2729.92
4880.19
2710.55
4903.89
2684.07
4923.04
2657.12
4960.57
2640.11
4923.34
2624.04
4875.88
2616.88
4933.10
2620.21
4950.78
2596.82
4885.96
2611.77
4850.31
2599.04
4776.53
2628.80
4833.46
2637.12
4758.15
2671.01
4816.13
2681.75
4753.86
2698.65
4690.62
2717.56
4730.14
2711.18
4717.95
2690.12
4683.28
2681.46
4637.85
2683.31
4721.56
2742.30
4667.22
2754.76
4650.05
2736.94
4683.06
2729.14
4661.54
2714.33
4608.46
2729.11
4616.20
2710.01
4571.54
2716.04
4576.92
2697.22
4522.60
2717.25
4479.41
2723.34
4432.34
2734.61
4443.91
2718.15
4404.09
2722.13
4422.84
2709.33
4465.63
2717.96
4410.14
2744.81
4408.95
2727.62
4370.78
2732.15
4321.72
2751.10
4284.57
2755.09
4338.81
2782.87
4338.02
2766.47
4293.99
2780.14
4276.86
2768.67
4312.91
2773.35
4270.98
2785.64
4269.89
2770.14
4325.57
2805.07
4308.14
2794.73
4288.03
2786.35
4322.88
2791.79
4305.16
2782.37
4306.85
2767.89
4345.60
2779.63
4362.50
2770.42
4394.04
2774.02
4399.27
2760.60
4415.36
2751.61
4459.99
2774.59
4487.44
2774.97
4476.05
2764.01
4486.67
2752.95
4490.48
2740.21
4479.36
2729.78
4487.21
2718.32
4495.71
2707.26
4494.86
2694.94
4521.01
2696.75
4568.04
2730.04
4588.10
2726.21
4577.27
2716.66
4548.98
2721.64
4537.60
2712.63
4506.15
2722.16
4528.69
2721.55
4524.60
2710.45
4536.91
2702.48
4525.86
2694.01
4545.22
2691.38
4524.07
2690.58
4549.91
2694.99
4554.29
2684.63
4540.09
2678.66
4520.56
2677.08
4548.53
2685.17
4538.13
2677.33
4553.94
2673.05
4593.05
2699.92
4560.59
2715.21
4599.26
2741.23
4593.33
2731.84
4621.29
2740.89
4632.99
2734.17
4609.40
2738.03
4609.88
2728.10
4636.81
2736.61
4673.96
2761.77
4701.40
2771.05
4688.07
2765.82
4687.85
2756.13
4714.67
2765.21
4713.76
2755.68
4732.19
2755.18
4705.60
2764.53
4726.58
2766.89
4694.91
2784.39
