4366.00
0.00
4206.00
160.00
3362.00
1200.72
2954.00
1257.26
2463.60
1492.15
3581.00
2845.76
4008.43
2835.07
4036.12
2652.98
4406.11
2711.34
4266.90
2605.89
4259.09
2484.74
4696.08
2785.68
4729.62
2678.92
4847.57
2616.27
4730.40
2565.29
4857.25
2531.96
5065.59
2593.87
4986.33
2541.88
4729.11
2704.09
4551.90
2746.48
4567.67
2681.21
4408.41
2719.33
4384.74
2661.87
4450.21
2624.68
4462.32
2572.33
4383.15
2553.25
4536.04
2623.99
4380.64
2700.26
4563.21
2823.69
4689.73
2858.62
4608.84
2846.82
4611.41
2802.03
4658.33
2771.98
4696.56
2739.73
4632.20
2726.26
4641.06
2688.64
4669.19
2657.42
4746.74
2664.31
4684.87
2657.44
4741.65
2647.86
4739.66
2615.40
4864.76
2705.39
4928.12
2705.09
4886.20
2688.26
4873.89
2659.48
4971.72
2711.04
4986.57
2683.93
5027.35
2670.50
4958.57
2685.73
5042.72
2723.20
5133.25
2771.33
5151.81
2747.75
5177.72
2728.11
5106.48
2752.03
5193.76
2801.32
5236.16
2793.94
5234.72
2769.34
5281.03
2767.55
5351.24
2795.59
5421.25
2823.88
5347.89
2857.71
5399.97
2863.61
5357.05
2860.82
5391.00
2851.15
5374.68
2832.14
5344.14
2821.37
5283.88
2842.70
5234.53
2850.49
5188.70
2854.89
