8382.00
0.00
7110.50
1271.50
5791.00
2135.41
5289.25
2043.34
5424.00
1847.38
6072.00
2223.41
5744.57
2209.20
5399.38
2259.34
5588.44
2196.23
5576.50
2083.83
5421.27
2046.60
5545.67
2002.43
5229.77
2213.32
5069.00
2210.18
5010.07
2146.59
5257.94
2289.42
5223.47
2225.34
5447.00
2350.84
5425.42
2289.97
5251.75
2356.87
5384.81
2375.79
5348.27
2327.20
5454.52
2329.97
5248.92
2484.92
5240.60
2435.06
5087.77
2507.07
5111.33
2463.13
4984.21
2507.32
5143.97
2604.70
5205.03
2581.95
5155.19
2554.59
5059.63
2570.04
5041.21
2532.94
5079.00
2504.84
4997.74
2513.85
5112.14
2569.42
5057.84
2555.32
5078.13
2524.49
5164.36
2547.98
5160.33
2516.05
5096.37
2517.89
5120.67
2492.59
5027.67
2536.08
4964.61
2540.97
4897.62
2551.57
4983.93
2589.25
5036.06
2585.85
5130.85
2640.00
5091.65
2627.00
5121.34
2608.89
5066.43
2612.20
5122.48
2617.74
5105.77
2595.73
5131.63
2578.46
5202.33
2607.20
5157.98
2604.66
5222.53
2626.50
5299.17
2667.29
5231.44
2694.43
5244.33
2673.71
5246.02
2651.74
5168.00
2699.92
5222.87
2713.03
5222.13
2691.76
5154.55
2725.13
5138.15
2707.64
5182.85
2711.78
5180.65
2691.83
5150.00
2684.17
5112.40
2683.17
5041.13
2730.13
4998.78
2734.48
4930.44
2776.91
4965.96
2774.73
4937.15
2767.29
4952.76
2752.35
4935.00
2738.80
4988.22
2760.97
5044.18
2787.60
5062.15
2774.72
5083.02
2763.86
5068.11
2750.23
5096.59
2745.75
5084.65
2731.52
5090.92
2716.02
5091.31
2700.18
5090.97
2684.62
5036.44
2717.33
5085.85
2741.49
5051.70
2745.19
5024.31
2742.41
5013.57
2729.39
5008.62
2715.09
5052.86
2734.10
5011.92
2748.49
4972.91
2760.45
4944.93
2759.83
4955.60
2747.73
5005.67
2778.37
5004.47
2764.47
5051.48
2790.63
5023.82
2790.78
4988.07
2800.58
5018.68
2804.35
5011.56
2791.91
5018.76
2779.69
5051.69
2787.36
5040.50
2776.84
5035.21
2764.62
5048.74
2755.65
5070.61
2752.78
5088.87
2747.21
5050.66
2764.76
5015.91
2777.29
5002.82
2768.72
4991.69
2759.34
5022.62
2767.64
5055.67
2778.98
5095.36
2800.67
5070.77
2801.85
5041.63
2808.45
5073.85
2819.29
5035.84
2839.02
5002.03
2852.30
4994.65
2842.06
4974.94
2839.32
4982.56
2829.42
4986.12
2818.63
4999.38
2811.69
4981.25
2808.41
4971.24
2800.00
4973.48
2789.49
4945.60
2797.38
4964.16
2795.13
4971.12
2785.92
4984.13
2779.77
4950.63
2797.04
4950.55
2786.88
4949.95
2776.85
4978.71
2787.62
4965.84
2781.89
4973.49
2773.57
4959.73
2768.71
4987.51
2779.01
5018.01
2793.49
5019.05
2783.94
5028.83
2776.96
5001.16
2787.83
5008.89
2780.05
4975.81
2800.05
4983.95
2792.55
4954.49
2806.80
4947.19
2799.06
4927.54
2800.52
4940.15
2795.86
4931.48
2788.97
4948.90
2788.57
4953.30
2780.28
4929.15
2788.09
4932.98
2779.79
4953.58
2783.36
4929.64
2791.33
4920.14
2785.38
4937.33
2785.53
4918.90
2787.09
4936.80
2788.17
4918.98
2789.27
4905.46
2786.43
4889.96
2785.44
4863.27
2798.82
4845.53
2800.20
4845.33
2792.05
4869.50
2801.95
4844.41
2813.30
4859.09
2811.92
4872.80
2809.78
4884.02
2805.78
4862.82
2812.06
