8382
5839
3152
3784
5963
9312
3780
2983
7101
5469
3869
6914
1439
2979
4185
8976
4672
9247
5037
1952
8046
4581
7792
520
5041
1267
5724
1552
9617
6976
3660
2097
4452
6326
2235
9116
3103
5829
8441
5003
2538
6117
1122
2253
1950
8868
7434
9586
3210
6576
2321
7981
4237
6502
9020
2719
8837
9668
1303
6005
5347
409
8625
5175
830
4072
8133
5033
3066
2518
52
1992
10
7559
2805
6124
3585
9086
9409
6482
6753
3860
7432
4094
5617
5125
5061
293
9434
2012
2559
4036
4554
9167
1163
1267
2259
5991
9912
4886
9752
2231
1341
8172
4271
5775
8542
3843
4464
6523
7477
7116
771
1089
3510
3712
8610
8923
9779
2144
1545
8973
398
844
4079
2511
5943
5439
6696
2642
3671
5266
1266
7433
5903
6741
394
4940
4867
8977
3163
6053
3006
8960
9410
5170
6456
933
6154
46
6206
505
3838
1921
6882
3588
7666
5644
1114
5542
8249
1076
3381
7739
1897
7889
1961
2649
2285
353
1829
4812
9026
505
7413
7272
6858
1111
-1
