1366
3171
7737
4810
9425
6222
1913
9454
6448
9853
5300
810
2723
9195
7341
4584
3909
1330
3282
7828
1290
3137
3470
6025
9388
3928
1740
3339
3110
3646
2095
416
8940
9844
1026
3675
2696
7259
7655
9496
1102
9890
6591
4364
5372
6204
9835
537
4775
4980
1882
7606
7768
6788
9860
8482
8526
8183
6330
9388
9158
5255
7158
1444
7636
7499
4870
84
9332
7170
4656
706
339
8698
7136
6854
2869
8325
5728
1
6436
8563
6267
5745
7744
373
6228
2334
816
2771
8107
4628
6140
3066
3878
2255
921
8225
9296
9705
4081
3863
9467
8045
8432
4760
8646
2427
7894
5020
2336
1696
2063
9095
2719
642
8190
208
4116
2282
7264
5127
9402
8737
4951
7393
1161
865
6308
7049
8649
1529
302
2540
3563
4148
8817
7816
2776
3050
5992
3849
1619
1414
4148
8763
9672
7246
8074
2051
4903
8330
4554
3815
4874
8044
606
3530
1726
9880
6215
9960
3522
7692
5472
2985
2421
628
5747
1457
4071
6394
3116
7952
6725
-1
