1366.00
0.00
2268.50
902.50
4091.33
2681.13
4271.00
2342.69
5301.80
2939.51
5455.17
2705.22
4949.14
2794.48
5512.25
3008.76
5616.22
2851.88
6039.90
2989.22
5972.64
2858.04
5542.42
3086.04
5325.54
3058.68
5601.93
3111.32
5717.87
3036.97
5647.00
2953.31
5544.76
2894.17
5310.61
2973.71
5203.84
2929.63
5335.05
2912.16
5142.43
2969.66
5051.27
2931.30
4982.52
2884.95
5025.96
2831.88
5200.44
2903.35
5151.50
2857.46
5025.15
2877.11
4964.93
2842.54
4900.97
2813.53
4859.13
2775.40
4769.97
2773.61
4633.91
2833.09
4764.39
2885.83
4913.79
2969.79
4802.71
2997.86
4771.39
2961.74
4715.30
2940.76
4782.24
2930.24
4855.90
2927.85
4971.90
2980.40
4877.51
3003.75
4996.86
3064.58
5033.93
3038.25
5018.70
3005.19
5026.56
2972.07
5052.15
2944.59
5153.91
2993.74
5057.73
3034.90
5051.96
3004.04
5050.52
2973.86
4988.39
2977.15
5038.73
2970.22
5090.23
2965.41
5121.67
2946.73
5207.82
2987.66
5266.29
2992.45
5323.47
2996.80
5372.78
2994.08
5389.00
2971.17
5455.65
2990.45
5516.34
3002.87
5512.13
2978.73
5538.25
2962.15
5474.28
2982.46
5507.54
2971.36
5537.71
2958.78
5527.75
2937.74
5447.69
2988.77
5503.99
3003.13
5527.79
2988.15
5515.51
2968.81
5448.71
3001.37
5378.71
3039.34
5423.57
3042.97
5446.40
3028.99
5464.92
3013.26
5431.21
3008.03
5468.31
3006.36
5471.59
2987.41
5403.21
3030.26
5415.96
3013.66
5454.34
3015.08
5464.13
2998.17
5467.48
2980.43
5494.26
2972.99
5434.71
3006.22
5443.83
2990.08
5408.49
2991.26
5356.89
3013.54
5328.16
3008.99
5358.69
3006.40
5350.75
2990.97
5359.24
2975.96
5334.84
2969.43
5319.51
2957.50
5287.58
2958.46
5242.57
2976.04
5273.00
2975.95
5313.64
2988.08
5357.55
3005.04
5344.91
2992.79
5330.38
2981.66
5370.54
2994.75
5396.26
2991.72
5425.17
2992.01
5418.90
2978.55
5449.06
2980.82
5421.07
2981.07
5443.76
2976.72
5439.91
2963.43
5411.95
2964.59
5378.77
2971.96
5349.42
2975.03
5382.28
2982.47
5359.12
2979.76
5318.46
2998.76
5343.00
2997.60
5299.48
3021.75
5289.54
3010.97
5264.48
3010.84
5281.00
3003.83
5279.74
2991.52
5313.25
3002.25
5340.86
3005.76
5337.74
2993.91
5354.06
2987.58
5321.04
2998.78
5286.23
3012.70
5294.15
3002.34
5307.65
2994.69
5333.15
2997.38
5304.33
3004.17
5266.72
3023.89
5246.37
3021.71
5233.90
3013.96
5225.92
3004.29
5252.13
3008.87
5270.71
3005.83
5252.76
3002.41
5237.03
2997.41
5242.38
2987.44
5232.57
2979.18
5207.30
2983.98
5180.96
2990.24
5173.83
2981.13
5198.42
2985.62
5228.85
2998.08
5242.48
2992.50
5261.48
2991.39
5240.08
2992.83
5237.85
2983.03
5258.19
2983.69
5253.59
2974.46
5244.25
2967.04
5241.86
2957.60
5259.82
2956.58
5230.18
2970.31
5219.42
2963.96
5197.45
2967.51
5226.71
2981.15
5232.85
2972.89
5262.03
2986.74
5251.36
2980.66
5266.24
2977.63
5267.48
2968.63
5253.73
2964.94
5236.77
2964.12
5209.34
2976.47
5212.52
2967.94
5190.43
2973.10
5183.88
2965.62
5190.92
2958.42
5178.92
2954.05
5194.86
2953.00
5203.61
2946.81
