4056.00
0.00
3648.00
408.00
3516.00
381.87
2926.50
1073.27
3204.60
1109.45
3902.17
1859.77
3418.57
2089.93
3416.75
1954.96
4059.22
2588.31
4353.20
2609.07
4771.09
2816.86
4711.33
2704.22
4407.23
2803.57
4742.57
2959.81
4744.20
2859.45
4556.44
2862.56
4690.41
2828.33
4751.50
2760.16
4797.21
2693.53
5057.15
2859.40
5087.19
2793.72
4869.91
2905.43
4847.74
2843.47
5051.21
2949.68
5005.48
2898.75
5070.65
2861.08
5237.93
2934.30
5357.43
2947.57
5342.41
2897.39
5203.40
2945.42
5258.81
2913.37
5263.50
2867.61
5312.91
2837.62
5276.38
2803.44
5240.20
2771.15
5156.42
2776.98
5087.05
2770.63
5169.45
2779.49
5256.51
2795.63
5372.60
2854.07
5321.83
2837.28
5368.43
2819.14
5330.86
2796.78
5337.25
2765.13
5338.31
2734.25
5410.17
2746.99
5297.57
2822.88
5392.87
2868.71
5436.24
2855.14
5474.30
2838.97
5475.31
2811.01
5543.62
2826.26
5485.51
2830.65
5496.80
2805.52
5556.25
2814.03
5569.05
2790.40
5540.98
2773.78
5564.81
2755.65
5488.25
2793.71
5471.28
2773.40
5400.39
2804.84
5360.97
2799.12
5333.68
2785.12
5396.64
2808.09
5396.68
2786.41
5423.68
2773.78
5462.52
2771.02
5476.94
2753.10
5538.06
2779.16
5476.70
2805.91
5425.56
2818.74
5375.25
2831.02
5408.96
2826.08
5465.42
2848.07
5452.04
2831.36
