8147.00
0.00
4982.50
3164.50
5680.33
2765.86
6334.00
2649.40
6141.80
2400.67
5357.50
2806.83
5317.57
2600.46
5181.12
2459.15
5005.56
2371.10
4622.30
2526.23
4356.45
2551.16
4751.75
2772.16
4424.54
2894.57
4347.29
2803.15
4412.60
2719.11
4434.19
2634.09
4373.53
2566.94
4432.61
2506.48
4595.26
2535.35
4849.65
2708.53
4654.86
2783.11
4719.14
2735.03
4560.87
2776.00
4619.50
2732.06
4761.36
2765.61
4830.96
2734.14
4993.07
2807.48
4839.11
2870.63
4873.59
2826.59
4894.97
2781.47
5047.90
2861.59
5074.16
2820.31
5168.03
2827.56
5020.24
2912.18
5089.49
2898.54
5054.94
2865.30
5053.59
2826.32
5046.87
2789.19
5084.10
2762.75
5091.32
2728.37
4993.59
2764.88
4946.90
2748.07
4880.67
2749.63
4787.89
2785.47
4774.53
2755.77
4757.50
2728.05
4770.83
2700.39
4750.19
2675.85
4664.57
2714.02
4582.20
2747.92
4579.43
2720.92
4541.35
2708.32
4583.60
2699.90
4601.09
2677.81
4581.64
2657.20
4510.18
2686.17
4555.98
2684.47
4497.52
2697.59
4463.39
2687.23
4420.87
2684.68
4485.11
2708.70
4466.42
2690.73
4481.76
2672.02
4508.92
2659.81
4585.80
2709.99
4664.50
2763.21
4666.97
2742.59
4731.46
2773.04
4787.04
2790.78
4807.46
2775.96
4750.31
2797.50
4798.32
2807.31
4775.16
2794.93
4724.03
2810.15
4678.69
2818.46
4730.33
2835.34
4780.22
2850.26
4773.97
2832.46
4727.68
2844.01
4742.56
2829.27
4761.49
2816.85
4739.07
2806.88
4748.63
2791.26
