9376.00
0.00
4998.50
4377.50
4280.00
3715.84
5620.75
3968.43
5690.40
3552.21
5789.17
3250.22
5780.86
3009.19
6281.62
3111.06
6472.78
2982.55
6155.60
2985.20
6024.82
2876.17
5641.92
3032.45
5298.00
3147.65
4983.64
3238.01
4882.40
3151.06
5133.31
3202.03
5248.06
3140.15
5433.28
3145.78
5414.42
3062.92
5420.20
2985.47
5443.52
2915.39
5296.09
2927.39
5201.74
2897.05
4989.37
3013.38
5139.64
3042.88
5285.81
3071.99
5303.81
3015.97
5197.96
3012.26
5158.24
2967.32
5089.03
2941.16
5177.55
2933.67
5288.44
2952.74
5267.94
2909.96
5355.91
2911.05
5317.34
2877.97
5260.83
2857.34
5334.46
2852.87
5313.61
2817.94
5249.00
2809.94
5139.92
2856.99
5024.90
2914.19
5099.21
2918.34
5075.07
2888.45
5020.00
2878.18
5093.47
2887.44
5021.57
2896.33
5027.47
2865.63
4965.08
2867.69
4947.37
2840.93
4922.30
2817.85
4882.37
2804.33
