9875.00
0.00
6918.50
2956.50
5142.67
3483.45
5235.00
3020.99
5293.80
2704.62
4768.33
2734.29
5387.14
2950.57
5147.50
2831.90
4958.44
2722.96
4661.00
2733.00
5117.00
2978.19
4732.08
3124.14
5064.31
3214.65
5054.00
3097.93
4907.93
3042.38
4762.31
2999.28
4733.47
2912.01
4779.17
2836.23
4923.00
2827.23
5039.65
2802.16
5163.48
2790.13
4977.55
2856.04
4919.48
2806.51
5062.04
2831.21
5054.96
2774.23
5169.19
2779.67
5274.33
2779.89
5143.39
2813.31
5274.21
2849.73
5217.50
2818.42
5266.94
2785.78
5145.69
2823.79
5258.82
2853.37
5364.18
2875.51
5348.43
2835.62
5367.58
2798.26
5354.19
2761.35
5298.34
2745.87
5163.90
2834.32
5135.75
2804.18
5077.83
2793.89
5072.86
2760.61
5145.23
2768.35
5128.02
2739.03
5062.40
2743.19
5077.93
2715.21
5116.94
2699.16
5028.90
2738.24
4932.57
2791.11
4893.56
2776.52
4933.71
2763.79
4996.62
2773.71
5020.21
2752.68
4994.00
2733.74
5067.33
2761.85
5114.37
2759.23
5120.42
2735.29
5141.14
2716.11
5184.31
2712.99
5255.55
2745.38
5314.93
2761.37
5315.65
2739.01
5366.38
2746.40
5343.02
2731.16
5310.58
2722.46
5369.02
2742.52
5311.58
2761.68
5341.66
2752.33
5390.54
2761.88
5442.04
2775.26
5429.97
2757.49
5432.21
2738.34
5430.18
2719.58
5439.28
2702.26
5406.44
2699.01
5426.37
2686.74
5463.71
2689.02
5474.76
2673.49
5412.57
2712.69
5379.43
2711.73
5413.46
2712.08
5454.80
2721.06
5414.72
2728.86
5435.73
2719.31
5397.68
2725.66
5346.87
2749.96
5313.33
2751.74
5363.22
2775.34
5333.82
2773.45
5294.32
2783.06
5273.02
2775.09
5316.38
2790.79
5360.83
2808.29
5397.17
2815.21
5402.20
2800.78
5352.03
2828.74
5332.39
2820.69
5304.99
2819.21
5279.38
2816.37
5253.84
2813.75
5257.36
2800.01
5299.32
2817.99
5307.41
2805.47
5275.43
2810.74
5246.13
2813.24
5251.94
2800.57
5202.99
2832.65
5245.76
2854.00
5208.05
2867.79
5175.98
2874.29
5189.79
2864.97
5217.79
2867.37
5196.16
2863.82
5188.34
2852.45
5150.69
2868.33
5179.67
2872.81
5213.91
2884.17
5248.83
2896.66
5284.56
2910.46
5289.14
2898.74
5273.45
2891.85
5245.24
2896.65
5253.01
2886.12
5288.31
2901.01
5302.34
2893.60
5326.07
2894.28
