9875
3962
1591
5512
5529
2141
9100
3470
3446
1984
9677
498
9051
4920
2863
2578
4272
5556
7512
7256
7640
1073
3642
8341
4885
8025
8008
1608
8937
3573
6750
1387
8879
8841
4813
6038
4872
3232
55
4038
2761
4869
8185
4388
2175
5777
6911
891
309
2982
6941
8205
6247
3605
9027
7702
5459
6322
7688
9459
8878
5359
8512
3871
3235
9167
1521
7357
8714
8996
4585
5591
5284
6104
2976
6921
8302
6325
562
2761
8136
8804
2128
7179
2202
1028
2429
9703
2747
1779
3356
9262
9450
8777
5875
586
3447
2647
2770
2725
5609
9538
6132
1982
2199
5862
14
9822
1135
1681
6709
8326
2773
4305
858
8513
9185
9335
9501
5834
3390
1832
6201
9631
7041
8293
-1
