4779.00
0.00
4545.00
234.00
4994.33
663.55
5151.75
636.06
5181.20
571.95
4386.33
1852.48
3972.43
1992.32
3615.50
2089.25
3771.33
2018.47
4021.70
2056.93
3823.00
2059.40
3656.75
2047.37
3718.69
1978.72
4144.64
2448.33
4398.67
2549.13
4285.75
2506.63
4391.00
2467.97
4398.00
2398.60
4331.84
2351.44
4334.05
2291.92
4518.29
2383.62
4413.45
2377.85
4254.22
2442.57
4079.17
2534.24
4313.96
2736.52
4455.85
2775.57
4493.33
2730.39
4488.46
2681.31
4562.14
2663.36
4718.97
2751.42
4708.84
2707.24
4858.31
2791.55
4904.55
2761.34
5007.38
2783.83
4892.06
2824.98
4968.92
2822.33
4876.32
2838.83
4806.84
2832.93
4763.67
2809.01
4820.85
2796.57
4801.85
2764.87
4694.71
2816.58
4778.44
2836.03
4749.25
2810.14
4849.42
2857.08
4825.11
2830.56
4773.15
2822.37
4838.50
2828.53
4923.35
2860.57
4967.76
2848.83
4922.25
2839.06
4880.44
2827.44
4908.47
2807.92
4881.00
2788.98
4947.29
2806.11
4999.07
2807.34
5013.05
2784.57
5079.47
2805.63
5103.32
2787.67
5057.13
2787.02
5027.89
2773.35
