2404.00
0.00
5399.00
2995.00
4567.00
2713.75
4625.50
2352.36
5141.80
2343.75
4294.67
2857.59
4182.71
2659.79
4128.00
2492.21
4659.78
2789.85
4543.30
2669.66
4210.09
2754.89
4367.42
2688.73
4567.85
2674.92
4444.14
2615.92
4691.93
2691.92
4455.12
2763.10
4413.53
2685.76
4228.28
2719.55
4474.37
2845.49
4471.45
2773.47
4611.71
2778.37
4410.91
2866.22
4469.00
2816.43
4374.67
2794.00
4372.60
2737.57
4304.12
2706.16
4231.93
2680.96
4166.25
2654.68
4326.31
2742.56
4510.63
2873.36
4399.97
2890.89
4277.50
2925.93
4182.64
2930.80
4133.85
2900.95
4058.46
2892.81
4030.89
2857.01
4075.38
2830.75
4005.53
2825.38
4132.92
2897.38
4031.75
2929.88
4040.54
2894.46
4158.12
2957.24
4075.74
2971.01
4200.07
3048.10
4179.87
3017.02
4213.98
2992.80
4194.77
2963.66
4199.56
2932.81
4252.82
2926.08
4246.50
2897.01
4188.94
2897.20
4124.79
2905.55
4113.43
2879.18
4173.39
2885.60
4115.96
2890.22
4145.34
2872.57
4095.68
2871.40
4127.16
2856.44
4118.05
2832.98
4215.88
2908.04
4305.74
2966.90
4354.79
2967.71
4372.13
2947.22
4312.20
2962.54
4247.23
2985.26
4326.74
3031.12
4308.13
3012.21
4363.94
3024.67
4365.03
3002.69
4441.44
3047.99
4388.15
3059.11
4383.40
3038.06
4450.36
3070.20
4484.45
3063.26
4555.95
3104.31
4578.13
3089.80
4593.77
3072.70
4551.40
3075.49
4506.51
3081.58
