1206.00
0.00
2724.00
1518.00
4248.33
2486.64
3358.75
2647.95
3926.40
2626.44
4398.17
2619.41
4448.86
2428.28
4507.25
2276.70
4699.11
2214.03
4302.80
2413.56
4741.82
2687.58
5108.75
2846.43
4778.38
2964.56
5016.21
2982.65
4945.20
2893.74
4714.06
2941.38
4654.47
2863.50
4486.50
2867.70
4469.00
2792.21
4509.70
2727.28
4607.10
2696.96
4669.50
2650.42
4620.48
2602.34
4700.92
2576.59
4820.20
2591.29
4975.88
2657.53
5099.15
2682.52
5124.50
2637.48
5131.45
2591.86
5026.80
2609.87
4906.10
2651.18
4899.50
2609.69
4753.45
2699.38
4807.91
2677.72
4781.20
2643.78
4815.03
2614.47
4719.00
2642.48
4821.03
2680.32
4842.56
2649.06
4737.77
2696.35
4735.76
2663.30
4658.98
2676.93
4658.42
2645.63
4676.75
2618.15
