9675.00
0.00
9005.00
670.00
7384.33
2356.35
5821.25
3390.28
5785.40
3033.20
6263.33
2968.00
6088.00
2781.20
6204.00
2619.61
5889.78
2624.84
6164.60
2623.08
6148.36
2501.53
5975.58
2462.64
5825.77
2422.27
5587.50
2487.24
5266.07
2687.08
5433.62
2681.46
5198.35
2766.40
5456.17
2890.97
5671.84
2958.91
5488.60
2992.55
5539.14
2929.16
5422.73
2911.12
5297.35
2907.23
5290.25
2846.22
5138.40
2886.23
5227.46
2865.00
5100.81
2884.66
4921.32
2982.27
4793.07
3007.96
4927.97
3045.32
4782.58
3099.82
4736.41
3061.82
4839.70
3071.16
4978.91
3129.57
4847.31
3178.55
4771.47
3166.05
4791.70
3125.33
4823.32
3089.92
4865.15
3060.93
4872.18
3022.75
4792.68
3027.69
4682.60
3073.36
4676.23
3037.69
4739.23
3031.25
4725.09
2998.85
4644.72
3014.68
4580.68
3013.89
4526.08
3005.73
4620.73
3046.32
4529.10
3083.16
4521.96
3053.21
4530.31
3024.29
