2897.00
0.00
5388.50
2491.50
6632.33
2689.35
7087.50
2458.86
6848.60
2250.58
5955.50
2865.14
6415.57
2882.07
6321.25
2707.45
6080.56
2641.84
6214.20
2538.13
6040.55
2481.54
5696.42
2635.82
5827.38
2572.73
5472.86
2789.29
5765.07
2908.07
5711.25
2823.43
5923.65
2867.86
5722.78
2907.51
5574.00
2899.50
5387.35
2940.87
5235.05
2949.71
5366.23
2943.92
5345.35
2880.87
5423.50
2845.01
5517.48
2825.30
5336.85
2913.93
5248.48
2894.74
5304.71
2857.56
5337.24
2813.13
5419.83
2801.38
5286.65
2850.75
5213.44
2835.30
5182.61
2797.45
5208.53
2760.03
5101.20
2791.37
5180.64
2792.17
5189.89
2754.74
5255.61
2747.48
5285.03
2718.09
5180.18
2762.61
5212.63
2736.43
5188.81
2707.96
5266.37
2723.08
5168.95
2766.71
5174.24
2736.03
5259.48
2765.87
5320.28
2767.18
5321.92
2738.23
5320.61
2710.16
5391.46
2728.37
5423.88
2711.20
5344.35
2744.43
5272.96
2766.72
5282.74
2741.91
5247.20
2729.39
5216.75
2714.32
5280.09
2731.84
5208.34
2761.82
5253.98
2760.28
5320.73
2784.79
5302.25
2765.58
5299.95
2743.25
5294.19
2721.76
5218.09
2767.14
5159.58
2785.38
5158.38
2764.22
5224.79
2796.06
5218.26
2775.94
5260.70
2777.87
5232.93
2767.59
5205.85
2757.36
5254.17
2768.25
5317.22
2800.80
5328.95
2783.61
5343.85
2767.97
5305.30
2769.89
5359.13
2791.57
5324.28
2790.42
5265.70
2820.57
5216.44
2836.87
5193.01
2827.08
5210.76
2814.32
5200.11
2798.98
5251.89
2821.98
5213.61
2827.19
5197.28
2814.74
5172.79
2807.71
5171.69
2791.73
5158.28
2778.85
5129.61
2776.58
5080.33
2800.58
5053.98
2796.64
5010.90
2812.08
5001.94
2798.42
4957.71
2816.49
4967.27
2803.33
4981.54
2792.34
4948.17
2797.42
4996.42
2823.95
