2877.00
0.00
3219.50
342.50
3066.67
353.44
4242.50
2059.48
5264.40
2751.41
5988.67
2988.54
5282.43
3263.14
5278.87
3052.40
5313.44
2879.49
4958.70
2931.71
5057.18
2812.57
5220.42
2746.72
4998.77
2748.39
5084.50
2666.39
5081.87
2576.00
4863.50
2633.68
4993.94
2607.78
4869.22
2585.95
5100.63
2701.68
4849.65
2851.49
4754.81
2814.90
4805.77
2760.08
4626.43
2827.44
4827.29
2930.73
4858.60
2875.61
4767.73
2856.14
4856.56
2839.11
4712.04
2887.32
4739.03
2840.69
4719.93
2794.84
4705.26
2750.57
4599.19
2770.92
4541.70
2747.92
4690.56
2839.06
4567.51
2888.72
4602.75
2855.94
4701.35
2878.53
4812.37
2919.57
4916.85
2952.99
4852.70
2943.23
4886.29
2914.87
4857.67
2885.79
4930.86
2891.21
5017.98
2914.70
5033.36
2883.93
5079.83
2869.40
5030.36
2858.47
5049.92
2831.71
5100.92
2824.85
5190.88
2866.49
5127.41
2873.51
5051.52
2896.89
5104.06
2894.34
5034.02
2912.39
5053.98
2889.52
5127.23
2914.68
5119.12
2889.64
5182.02
2903.71
5165.20
2881.84
5146.90
2861.18
5155.31
2838.38
5153.68
2815.42
5212.41
2831.02
5190.80
2814.05
5214.09
2798.53
5195.47
2781.31
5137.10
2800.90
5090.04
2806.79
5035.68
2822.21
5086.73
2833.88
5050.46
2830.16
4996.97
2846.35
4970.56
2835.66
5024.19
2853.46
5057.33
2848.68
5113.45
2871.30
5047.25
2910.39
4988.14
2937.81
5001.66
2921.60
5007.95
2903.82
5022.62
2888.82
5063.74
2894.91
5040.78
2884.92
5022.43
2872.57
5046.34
2864.02
5083.15
2867.48
5083.29
2850.95
5067.11
2838.72
5022.38
2853.74
4975.28
2872.43
5020.36
2888.44
5009.28
2874.65
5026.05
2863.67
4972.99
2894.00
4976.05
2878.88
5027.35
2907.17
5003.47
2901.60
4969.93
2905.60
