7738.00
0.00
6838.00
900.00
7438.33
1122.85
7877.50
1234.59
6903.40
2239.38
6342.17
2398.74
5674.86
2757.49
5019.37
3108.20
4485.00
3297.26
4621.10
3154.59
4323.09
3151.96
4669.83
3229.47
4540.69
3134.86
4441.86
3041.77
4645.47
3035.78
4551.44
2961.85
4441.06
2907.14
4690.28
3006.30
4744.26
2935.06
4873.40
2915.60
4980.90
2885.67
4818.45
2915.95
4696.52
2908.64
4656.29
2853.92
4513.64
2882.27
4667.12
2928.62
4682.78
2874.99
4759.32
2851.06
4872.86
2865.17
4892.40
2818.98
5057.00
2916.00
4964.84
2915.59
4872.48
2918.22
4881.15
2875.42
4886.20
2834.19
4799.56
2841.18
4671.32
2906.21
4579.71
2921.36
4549.87
2889.52
4618.32
2885.02
4725.44
2929.04
4724.26
2893.97
4708.84
2861.87
4713.50
2829.33
4717.51
2797.84
4671.85
2784.16
4670.02
2754.41
