2334.00
0.00
4874.50
2540.50
5186.33
2120.67
5868.25
2183.57
4887.00
2768.71
4940.33
2530.29
4345.43
2758.84
4655.62
2708.02
4746.00
2565.91
4621.80
2462.59
4393.91
2456.09
4332.33
2360.38
4327.08
2267.85
4268.43
2195.56
4585.00
2429.44
4591.25
2352.42
4727.18
2346.05
4488.11
2483.90
4594.32
2459.28
4495.35
2435.52
4657.05
2484.40
4524.95
2501.62
4687.17
2562.21
4576.83
2563.48
4780.20
2702.06
4877.96
2694.30
5041.96
2773.03
5178.25
2813.64
5219.66
2773.37
5343.50
2807.14
5368.77
2764.96
5393.53
2724.90
5405.21
2684.11
5480.74
2679.69
5390.46
2693.08
5465.08
2691.87
5353.62
2738.17
5374.37
2704.85
5481.82
2750.88
5536.03
2737.29
5418.61
2803.83
5332.52
2824.56
5233.07
2864.96
5265.61
2840.25
5298.60
2817.02
5276.00
2790.35
5373.64
2838.83
