7490.00
0.00
5898.00
1592.00
5406.67
1473.93
5479.50
1282.68
4450.20
2356.70
4616.00
2183.07
4407.86
2084.45
5012.25
2521.68
5138.00
2403.92
5494.50
2518.88
5719.09
2504.47
5721.33
2397.86
5696.00
2305.46
5966.86
2426.77
5665.53
2601.49
5571.00
2545.35
5827.88
2674.61
5579.28
2794.06
5352.00
2885.43
5261.70
2839.78
5242.71
2772.64
5220.14
2710.87
5122.43
2690.59
5176.00
2646.44
5109.60
2613.30
4942.96
2694.60
4959.15
2645.51
4925.89
2603.58
5055.34
2648.42
5087.37
2609.61
5208.45
2651.46
5142.84
2635.14
5040.48
2658.72
5057.44
2621.14
5161.34
2653.52
5055.42
2690.40
5096.78
2665.38
5141.00
2643.79
5071.87
2644.24
4967.73
2690.77
5083.78
2757.24
5020.00
2754.66
4961.30
2748.89
4998.68
2728.51
5041.89
2713.20
5014.39
2689.88
5087.43
2706.82
5129.04
2693.62
5070.53
2696.64
5006.88
2706.47
5093.55
2748.98
5134.21
2737.86
5180.38
2732.27
5220.81
2722.81
5178.78
2715.57
5187.57
2692.01
5243.72
2701.17
5308.74
2722.40
5229.20
2766.37
5146.25
2816.25
5222.43
2854.71
5183.27
2848.06
5202.70
2829.50
5158.70
2828.95
5190.85
2818.85
5262.95
2857.19
5281.46
2839.77
5264.53
2822.22
5238.58
2809.85
5178.24
2834.37
5165.68
2816.31
5190.18
2804.29
5183.42
2785.61
5169.36
2769.33
5210.83
2773.83
5188.30
2762.42
5203.58
2747.65
5153.53
2765.10
5142.75
2749.19
5187.04
2760.17
5229.37
2769.09
5223.44
2752.67
5221.08
2736.12
5236.85
2723.57
5250.36
2710.34
5277.45
2706.08
5308.36
2705.70
5353.33
2722.79
5311.89
2735.22
5255.97
2770.67
5233.76
2763.45
5216.48
2753.33
5176.78
2764.83
5201.64
2760.51
5225.65
2755.79
5232.83
2742.29
5237.48
2728.50
5224.09
2717.75
5202.73
2712.25
5244.97
2731.19
5271.92
2730.96
5239.94
2736.48
5245.57
2723.76
5209.36
2735.44
5218.30
2723.91
5262.78
2749.08
5264.70
2736.27
5256.53
2724.89
5255.50
2712.38
5264.40
2701.62
5247.37
2695.35
5210.33
2711.52
5228.57
2706.38
5228.39
2694.49
5255.81
2698.67
5226.94
2704.78
5198.88
2710.10
5226.23
2714.76
5202.62
2715.47
5183.41
2712.24
5147.50
2729.51
5108.57
2751.82
5080.27
2758.38
5112.27
2770.07
5114.08
2759.04
5136.38
2759.36
5158.16
2759.32
5133.52
2762.51
5094.00
2787.87
5060.27
2803.42
5029.11
2815.20
5023.35
2805.30
4993.79
2815.29
4964.74
2824.70
