7490
4306
4424
5698
333
5445
3159
9243
6144
8703
7965
5746
5392
9488
1447
4153
9938
1353
1261
3546
4863
4746
2973
6408
3516
777
5380
4028
8680
6016
8841
3109
1765
5617
8694
1348
6586
6777
2445
906
9726
2405
2496
6606
6943
3777
8447
7085
2262
1888
9427
7208
7581
7364
2909
5671
8388
9015
616
252
9793
2795
6407
2387
7248
9950
6503
4130
3474
1015
4286
6930
4697
4143
8279
3499
6365
1299
4302
8686
8616
4743
5028
6545
6386
7580
7966
9266
1665
279
3235
3644
1525
7513
7483
5915
5684
3925
3109
9427
7967
2010
5820
1479
6149
9933
5468
4382
5144
6235
3374
1099
7271
5209
8381
1907
1944
8426
2417
2897
838
398
1628
9049
5338
7924
7902
2004
36
709
979
4268
1092
1101
-1
