5204.00
0.00
6721.00
1517.00
4662.67
3163.49
4572.00
2744.16
4821.00
2504.46
4307.33
2558.56
3758.71
2723.40
3550.37
2606.46
3625.22
2466.50
3333.20
2498.55
3869.27
2923.86
3761.00
2822.32
3777.15
2712.18
4157.14
2950.86
3904.00
3004.03
4109.62
3015.70
4351.06
3080.93
4403.67
3001.97
4534.95
2974.51
4371.20
2985.76
4205.86
3006.17
4196.68
2937.35
4428.00
3070.84
4303.88
3064.56
4301.60
3002.66
4222.27
2970.95
4150.85
2938.07
4279.18
2961.18
4385.24
2963.31
4278.20
2969.98
4288.26
2922.20
4323.22
2882.76
4349.82
2842.73
4439.06
2847.15
4374.17
2831.57
4473.19
2852.77
4566.76
2869.40
4514.29
2849.32
4409.95
2885.17
4538.70
2960.16
4502.27
2932.91
4549.02
2913.21
4503.19
2894.42
4577.66
2902.71
4533.93
2884.89
4436.65
2927.04
4521.68
2952.60
4480.88
2935.04
4556.71
2952.08
4561.80
2922.62
4472.57
2961.82
4551.00
2986.20
4542.15
2958.58
4641.78
3019.46
4586.56
3019.27
4673.11
3060.26
4600.84
3081.12
4535.64
3093.86
4602.17
3109.09
4669.40
3126.03
4673.36
3100.45
4727.81
3104.60
4676.83
3105.91
4693.16
3084.28
4732.83
3076.88
4780.56
3077.63
4766.27
3056.78
4808.79
3054.12
4797.13
3033.44
4829.40
3023.60
4790.25
3020.04
4750.72
3017.44
4810.88
3039.86
4854.68
3042.35
4869.75
3024.78
4824.67
3030.07
4793.95
3022.22
4748.62
3029.02
4796.92
3039.87
4860.14
3072.62
4836.83
3060.70
4790.43
3070.51
4806.87
3055.59
4778.32
3048.46
4830.09
3067.40
4782.09
3081.46
4807.53
3072.76
