4381.00
0.00
6716.50
2335.50
5103.67
2973.02
3884.50
3329.90
3959.80
2982.16
4495.17
2973.91
4982.00
3000.46
5298.25
2928.74
5329.22
2762.63
5048.50
2752.84
4698.91
2848.04
4786.25
2742.14
4548.46
2760.33
4558.79
2660.18
4828.27
2760.70
4626.94
2784.45
4904.94
2921.24
4661.78
3010.77
4551.05
2967.88
4751.40
3021.68
4765.38
2949.52
4987.77
3056.61
4876.35
3034.76
4819.71
2983.26
4770.24
2933.01
4745.65
2878.68
4793.85
2835.54
4891.00
2829.83
5000.86
2840.73
5018.40
2794.58
5176.58
2882.43
5175.00
2837.05
5299.21
2880.74
5349.12
2852.50
5439.03
2859.92
5354.03
2864.41
5420.43
2853.39
5439.82
2818.06
5532.95
2840.32
5594.07
2830.45
5656.41
2823.39
5669.60
2790.85
5547.88
2868.78
5436.75
2928.13
5509.84
2935.72
5582.09
2943.80
5550.26
2920.31
5479.56
2930.09
5380.59
2979.99
5296.88
3007.68
5241.73
3003.47
5201.58
2988.24
5180.28
2963.90
5212.57
2945.72
5158.98
2945.27
5197.50
2932.80
5188.16
2907.80
5261.98
2936.01
5226.41
2923.60
5294.02
2945.28
5254.23
2937.26
5243.87
2914.59
5203.24
2909.02
5174.59
2895.14
5168.75
2873.17
5214.32
2874.88
5150.61
2899.91
5176.65
2886.38
5176.94
2865.39
5141.17
2860.33
5192.31
2872.16
5227.90
2867.87
5292.12
2899.82
5245.93
2907.07
5178.16
2945.89
5133.18
2952.25
5184.83
2967.38
5136.96
2978.07
5115.08
2965.46
5097.49
2951.02
5129.93
2947.06
5134.61
2929.34
5145.55
2913.32
5157.75
2898.06
5181.35
2889.07
5161.26
2878.20
5192.15
2875.91
5239.78
2893.84
5249.92
2879.11
5211.54
2885.87
5173.15
2892.98
5150.77
2885.13
5176.91
2880.51
5159.54
2870.04
5112.47
2891.14
5069.55
2906.31
5112.71
2922.05
5076.13
2929.34
5120.03
2946.73
5151.97
2949.13
5118.99
2952.97
5070.59
2978.45
5021.45
3005.22
5001.76
2997.40
5002.24
2983.10
5024.84
2978.01
5035.23
2966.00
5007.79
2965.85
5030.50
2961.64
5052.29
2956.91
5086.59
2965.45
5105.89
2959.19
5080.89
2957.92
5053.88
2958.89
5055.54
2946.05
5094.28
2962.59
5108.44
2953.85
5118.16
2943.18
5136.52
2937.57
5122.18
2929.48
5091.53
2936.61
5060.37
2944.57
5035.43
2945.48
5037.10
2933.64
5040.04
2922.06
5011.06
2928.43
5030.29
2924.86
4996.81
2937.74
5009.19
2929.68
4987.68
2928.59
4993.00
2918.02
4962.98
2927.18
4944.90
2923.54
4931.93
2916.46
4962.01
2926.43
4952.56
2917.71
4928.21
2920.88
4943.49
2915.76
4914.33
2925.37
4932.76
2923.00
4946.96
2917.46
4945.08
2907.25
4942.93
2897.18
4936.48
2888.13
4906.86
2900.02
4917.12
2892.71
4898.61
2891.51
4875.73
2895.04
4901.46
2902.24
4914.28
2896.78
4935.46
2898.80
4959.36
2904.13
4934.04
2911.41
4938.36
2902.43
4927.49
2896.19
4926.32
2886.93
4927.35
2877.75
4930.82
2868.96
4956.22
2877.69
4938.79
2877.09
4911.42
2888.96
4938.06
2899.80
4948.72
2894.08
4953.76
2885.96
4978.27
2894.27
4977.92
2885.54
4972.97
2877.60
4987.65
2875.29
