4381
9052
1878
227
4261
7172
7903
7512
5577
2522
1203
5747
1695
4693
8601
1607
9353
528
2558
8558
5045
9658
2425
3517
3583
4131
6047
7514
8077
5527
9922
5126
9274
6996
8496
2379
7811
6157
9072
7978
8150
6210
436
658
8726
8833
4086
2157
630
1195
2484
3154
4073
6924
2265
7316
4665
9470
3163
9283
2867
4612
2684
3370
4795
8176
946
6921
5197
2673
8772
7755
9916
1874
163
1760
9110
1451
3408
3708
7725
5514
6043
6170
7164
3453
7849
9384
6142
1796
1718
3114
7582
3544
688
992
9256
1528
9422
8314
1821
182
9
2974
5052
7398
6137
2071
7484
7427
8859
7249
2281
2001
5245
9549
6752
6255
7303
3416
1413
1290
1993
5243
5404
1388
7454
745
6593
2214
5684
1030
2559
3206
8993
3677
1617
7036
891
7495
6935
4680
4637
4014
642
6404
2196
1513
8709
6825
8112
8568
1086
5599
3254
4745
5088
5476
8969
2167
532
9227
6677
5775
8998
4919
4152
7440
-1
