6971
1266
1568
2854
8170
8104
7597
6516
6799
4384
2189
2813
7166
3426
8060
9585
5250
2498
6214
9285
1728
8925
9701
5628
58
2953
861
9329
6579
6424
7288
409
8480
3146
6721
8437
8416
7700
3940
9992
6777
3601
3139
3696
4969
1256
9859
6253
228
8644
4720
6215
8810
8412
9985
1627
5252
999
4243
5811
9510
685
3332
2686
4496
4413
6666
3448
8276
8338
9347
4876
1555
9711
7718
7047
3475
8603
4089
8419
5349
4660
4372
1713
7967
8499
5414
2236
644
4344
9411
9430
8457
9707
8182
4561
9121
1049
1112
7016
5866
9490
8050
7433
5126
6309
5903
1875
4860
126
3700
5380
7794
2529
8874
840
7574
5995
7122
676
4430
775
1117
8092
8488
2558
6825
1509
9552
9054
890
5409
9791
8958
2035
7928
8825
3711
341
3775
2659
7777
5256
4468
7503
5551
4189
2874
5728
994
8681
6046
1821
820
8583
7609
5563
3513
1926
5781
-1
