6971.00
0.00
4118.50
2852.50
3268.33
2621.08
3164.75
2277.00
4165.80
2855.91
4822.17
2991.81
5218.57
2935.14
5380.75
2778.90
5538.33
2657.61
5422.90
2544.90
5128.91
2598.47
4935.92
2568.87
5107.46
2538.62
4987.36
2484.31
5192.20
2519.48
5466.75
2661.15
5454.00
2582.20
5289.78
2599.19
5338.42
2538.27
5535.75
2619.26
5354.43
2681.67
5516.73
2723.54
5698.65
2797.01
5695.71
2738.16
5470.20
2901.40
5373.38
2885.94
5206.26
2957.43
5353.50
3003.23
5395.76
2959.45
5430.03
2915.56
5489.97
2886.87
5331.19
2975.76
5426.61
2979.62
5359.53
2960.66
5398.43
2926.86
5482.83
2928.81
5562.11
2927.85
5618.37
2909.27
5575.33
2883.95
5685.75
2929.97
5712.37
2898.91
5662.10
2882.22
5603.42
2873.78
5560.07
2855.13
5546.93
2824.57
5453.65
2862.92
5547.38
2902.77
5562.08
2874.14
5453.22
2942.94
5517.04
2947.41
5501.41
2920.46
5515.13
2893.90
5577.30
2901.32
5629.80
2899.62
5708.98
2931.47
5636.09
2955.05
5629.35
2929.45
5549.52
2965.97
5527.37
2945.56
5532.10
2921.14
5597.31
2940.80
5518.08
2981.90
5483.38
2970.73
5439.67
2967.78
5425.15
2947.15
5409.82
2927.35
5428.57
2909.41
5399.44
2897.77
5441.13
2897.16
5482.51
2896.86
5536.94
2912.21
5527.76
2892.95
5473.34
2909.94
5530.61
2931.34
5559.77
2922.52
5579.34
2908.17
5552.01
2899.03
5591.13
2900.76
5572.11
2887.23
5607.70
2886.51
5604.51
2868.78
5592.99
2853.12
5578.28
2839.01
5532.26
2853.03
5560.91
2848.32
5595.07
2849.17
5592.99
2832.82
5554.84
2839.06
5499.66
2870.13
5486.82
2856.71
5529.95
2870.27
5572.34
2883.13
5603.35
2882.98
5647.01
2898.34
5673.69
2894.63
5662.10
2881.73
5697.76
2888.05
5650.33
2911.01
5604.48
2931.61
5618.60
2920.30
5621.05
2905.91
5658.98
2916.65
5682.19
2911.91
5699.03
2902.90
5693.57
2889.58
5699.38
2876.54
5701.28
2863.13
5665.85
2873.31
5658.46
2861.13
5608.16
2896.10
5590.97
2888.66
5589.09
2875.80
5608.60
2870.48
5581.59
2872.26
5610.22
2876.03
5569.09
2897.37
5586.23
2890.86
5589.69
2878.82
5602.57
2870.11
5561.52
2893.00
5552.17
2882.85
5513.01
2903.14
5477.27
2918.14
5498.35
2915.74
5522.27
2916.24
5498.75
2916.53
5509.19
2907.39
5477.94
2917.35
5509.52
2927.90
5536.78
2933.01
5501.31
2949.65
5500.61
2938.47
5532.87
2950.77
5558.43
2954.48
5532.33
2958.98
5549.95
2955.18
5573.85
2957.54
5560.36
2951.04
5522.81
2973.31
5510.32
2966.33
5490.10
2965.46
5506.20
2961.18
5504.45
2950.88
5497.26
2941.87
5511.09
2936.41
5511.36
2926.34
5502.37
2918.39
5484.61
2916.47
5486.24
2906.74
5456.29
2920.01
5477.65
2922.05
5481.39
2912.79
5457.46
2918.20
5427.35
2932.46
5447.71
2933.88
5461.56
2929.55
5462.21
2920.21
5449.87
2915.06
5427.71
2919.20
5429.92
2910.20
