8575
9270
6758
3464
9857
1059
8789
9489
4838
6084
128
6202
8228
3013
4346
2002
3665
5363
5594
38
9502
978
8012
4430
4973
3265
2167
9434
3159
5353
8413
8254
7598
472
4427
6349
8277
1207
8595
7902
2889
6217
4093
1102
6345
1341
1838
7079
5080
8536
7762
1677
3463
7333
8906
5870
5736
9398
9117
6691
6641
9617
7301
2164
6866
5131
7322
7898
4085
3724
3841
7524
2775
6937
7579
4710
4989
1112
5378
2953
9765
182
118
538
4900
240
7617
2971
6295
1830
2430
1238
9914
943
5923
8918
6790
5272
8377
9413
3983
6117
250
675
4889
1806
6567
8130
284
9511
4615
8559
2911
1591
3938
118
5652
8260
5179
7690
4303
5755
3516
3904
5425
3036
960
4075
9123
8683
4608
4698
8123
9581
9027
6188
724
2
1596
9627
8267
-1
