8575.00
0.00
8922.50
347.50
8201.00
1059.07
7016.75
2246.90
7584.80
2308.59
6497.17
3218.08
6824.57
3085.41
7157.62
3017.66
6899.89
2936.99
6818.30
2797.00
6210.09
3288.04
6209.42
3148.06
6364.69
3072.01
6125.29
3083.55
6006.67
3011.87
5756.37
3073.13
5633.35
3021.71
5618.33
2937.23
5617.05
2858.89
5338.10
3040.24
5536.38
3096.65
5329.18
3170.95
5445.83
3149.14
5403.50
3089.51
5386.28
3028.26
5304.69
2997.35
5188.48
3000.41
5340.11
3049.87
5264.90
3023.13
5267.83
2972.36
5369.29
2976.36
5459.44
2972.18
5524.24
2949.67
5375.65
3028.74
5348.54
2989.34
5376.33
2952.11
5454.73
2949.69
5342.95
2988.99
5426.33
2994.86
5488.22
2982.34
5424.83
2972.91
5443.69
2939.79
5412.28
2912.52
5314.32
2950.02
5337.22
2921.02
5250.35
2947.28
5177.74
2957.05
5217.35
2938.66
5214.55
2908.58
5280.98
2916.65
5329.63
2908.33
5259.38
2923.59
5225.49
2906.17
5264.52
2893.12
5330.73
2907.70
5340.36
2882.50
5347.30
2857.58
5417.14
2881.49
5479.85
2896.61
5500.03
2876.55
5518.74
2856.55
5584.84
2880.07
5612.08
2865.16
5558.20
2874.67
5578.32
2857.01
5571.55
2835.81
5597.67
2822.56
5631.50
2815.38
5609.09
2801.01
5582.16
2789.91
5557.63
2777.78
5584.94
2768.01
5546.45
2768.32
5565.24
2754.23
5592.09
2745.54
5580.49
2729.27
5572.81
2712.32
5515.62
2741.20
5513.87
2723.84
5481.86
2721.68
5534.74
2745.86
5469.46
2791.59
5404.99
2835.48
5347.05
2867.56
5341.79
2851.05
5282.47
2886.71
5309.30
2880.84
5282.73
2875.12
5294.10
2860.92
5255.61
2868.06
5224.56
2867.43
5181.23
2881.60
5232.12
2907.34
5186.49
2925.12
5194.24
2910.65
5233.03
2920.03
5249.08
2909.19
5249.32
2894.31
5280.91
2896.59
5322.23
2911.25
5308.97
2899.84
5316.89
2886.68
5267.70
2915.28
5223.54
2935.65
5220.35
2921.82
5188.14
2926.67
5201.03
2915.98
5228.15
2915.98
5182.79
2940.60
5222.14
2955.89
5216.67
2943.10
5246.51
2946.76
5225.84
2941.83
5193.96
2948.45
5183.03
2937.91
5139.37
2962.46
5143.75
2950.15
5170.16
2951.48
5170.24
2939.05
5191.23
2935.73
5183.89
2924.68
5188.57
2913.12
5174.98
2905.14
5164.73
2895.64
5166.81
2884.13
5149.90
2878.87
5116.91
2891.33
5108.77
2881.47
5139.88
2891.80
5167.14
2897.24
5162.87
2886.57
5159.35
2875.89
5181.63
2876.48
5214.46
2890.63
5242.70
2898.40
5249.65
2888.85
5216.62
2903.96
5178.83
2927.02
5153.06
2932.15
5185.01
2945.85
5206.87
2946.76
