9196.00
0.00
9299.00
103.00
8796.00
716.30
8847.75
626.78
8085.00
1625.25
7716.33
1697.28
6626.00
3098.74
6807.25
2938.01
7035.78
2844.39
7004.50
2700.06
6388.64
3228.07
6585.08
3158.57
6488.38
3053.09
6621.86
2981.13
6359.67
3042.55
6166.50
3039.44
6262.06
2973.36
6091.83
2973.61
6043.00
2901.70
5810.90
3003.73
5635.14
3034.90
5654.68
2966.47
5617.61
2906.47
5673.58
2857.91
5448.24
3009.93
5355.81
2987.44
5427.52
2954.31
5521.11
2941.55
5628.14
2945.36
5578.33
2908.24
5412.58
3001.54
5482.03
2979.47
5532.33
2947.75
5645.18
2975.54
5650.91
2932.92
5531.89
2976.39
5538.97
2936.20
5440.95
2958.03
5320.97
3012.07
5224.50
3034.59
5237.54
2998.48
5202.55
2971.03
5146.05
2959.03
5173.34
2930.68
5245.71
2937.42
5151.13
2973.79
5180.43
2948.69
5104.25
2964.18
5131.12
2939.67
5224.86
2983.19
5296.04
2996.37
5245.75
2989.07
5149.00
3041.83
5132.54
3015.91
5070.89
3022.51
5138.73
3037.36
5114.82
3015.91
5078.28
3002.51
5152.68
3030.40
5149.47
3005.14
5192.75
2999.21
5196.15
2975.04
5130.22
2996.64
5194.16
3016.13
5223.68
3002.14
5215.52
2980.04
5259.76
2979.48
5282.35
2963.26
5261.10
2946.93
5285.70
2932.93
5308.66
2918.53
5347.03
2916.17
5383.64
2912.74
5423.85
2913.32
