7272
4567
4290
6304
6380
9831
261
1447
7270
5193
3261
5902
296
8165
4257
9569
8543
2092
233
5136
5268
8234
2992
9412
8991
3377
5588
3943
9111
8546
1361
89
8717
9517
9357
7112
9560
4382
6369
9461
3471
8006
2233
9323
7378
6310
5858
2773
8602
1312
8228
1923
4746
275
6433
6568
9610
3686
7011
819
4396
5995
3744
6510
5689
1883
9242
7501
2425
4142
2639
388
578
3750
2135
9228
4130
7369
7689
4310
4857
7277
7175
7636
7410
4912
9187
6642
5859
7621
4261
1699
3171
9070
1661
2340
7934
2981
6555
3686
4197
8042
163
2428
6037
4795
6302
2153
9128
1446
9405
3029
4593
6636
8529
8342
1156
892
3914
835
3096
2147
4944
7068
1955
4025
5543
-1
