7272.00
0.00
5919.50
1352.50
5376.33
1345.20
5608.25
1232.29
5762.60
1144.60
6440.67
1841.37
5557.86
2753.61
5044.00
2912.55
5291.33
2833.68
5281.50
2688.43
5097.82
2628.31
5164.83
2526.21
4790.31
2752.10
5031.36
2790.77
4979.73
2703.05
5266.56
2843.22
5459.29
2864.04
5272.22
2888.24
5007.00
3028.05
5013.45
2951.51
5025.57
2880.89
5171.41
2892.90
5076.65
2864.01
5257.29
2934.50
5406.64
2966.84
5328.58
2935.30
5338.19
2880.84
5288.36
2840.76
5420.17
2877.17
5524.37
2883.93
5390.06
2930.84
5224.41
3028.55
5330.24
3041.81
5453.38
3079.11
5564.91
3103.70
5607.89
3070.83
5714.70
3096.11
5679.63
3062.53
5697.31
3024.98
5791.40
3044.18
5734.80
3028.05
5788.88
3011.76
5706.19
3024.39
5788.39
3038.03
5823.71
3013.21
5834.28
2981.12
5834.79
2949.24
5771.00
2950.94
5828.78
2947.97
5738.44
2986.07
5787.25
2976.73
5712.94
2995.35
5694.70
2969.88
5594.33
3031.62
5609.58
3006.02
5626.70
2981.76
5696.58
3001.40
5661.91
2986.90
5684.78
2966.60
5603.68
3007.00
5583.89
2986.19
5590.52
2962.46
5561.21
2947.90
5576.03
2927.15
5577.77
2904.58
5521.79
2917.61
5577.31
2930.68
5605.60
2918.25
5559.51
2921.86
5539.26
2905.79
5498.41
2905.42
5427.43
2946.51
5361.00
2980.05
5339.23
2965.69
5296.51
2968.69
5348.24
2982.93
5332.42
2966.70
5358.53
2956.51
5388.03
2949.27
5374.55
2933.23
5368.16
2915.62
5391.44
2905.36
5412.93
2894.35
5439.39
2887.15
5462.58
2877.98
5456.17
2861.80
5499.06
2872.97
5512.05
2859.16
5515.94
2843.29
5539.33
2836.05
5525.29
2823.57
5483.70
2836.07
5458.83
2830.85
5497.24
2840.02
5456.86
2852.03
5424.40
2854.73
5450.27
2851.27
5425.07
2847.52
5436.48
2835.35
5418.98
2826.51
5406.88
2815.08
5432.72
2813.26
5381.55
2846.85
5353.15
2847.76
5359.67
2834.94
5354.34
2822.06
5363.20
2810.33
5333.47
2814.13
5368.28
2824.46
5332.63
2836.13
5369.32
2849.43
5348.42
2845.21
5341.73
2833.47
5353.09
2823.60
5380.70
2826.72
5406.23
2827.79
5369.91
2842.73
5331.96
2860.27
5320.04
2851.16
5282.67
2868.38
5264.60
2863.36
5239.04
2865.42
5236.64
2853.87
5251.41
2847.05
5225.04
2850.81
5215.52
2841.47
5218.09
2830.41
