4024.00
0.00
4308.00
284.00
2915.67
1982.66
4037.00
2592.37
5218.60
3310.74
4655.00
3274.51
5171.86
3285.34
4585.38
3442.68
4213.33
3412.10
4339.60
3259.09
4795.27
3425.27
4801.42
3279.51
5184.31
3418.64
5526.57
3517.84
5301.60
3501.25
5518.62
3492.72
5438.82
3403.44
5528.06
3327.95
5241.79
3459.39
5196.95
3377.46
4974.00
3443.57
4802.64
3454.83
4801.00
3378.89
4765.04
3312.24
4585.12
3362.89
4458.12
3358.18
4567.11
3341.94
4706.68
3360.89
4594.52
3355.35
4579.67
3299.92
4541.74
3252.90
4416.97
3276.17
4302.82
3290.14
4465.06
3372.72
4384.40
3357.30
4531.31
3422.53
4675.62
3485.24
4801.61
3523.42
4876.77
3508.68
4843.27
3470.85
4847.63
3428.38
4906.67
3408.34
4927.72
3371.24
4828.25
3395.94
4807.20
3360.90
4908.67
3393.15
4845.19
3384.35
4865.29
3351.75
4964.92
3388.42
4965.38
3354.36
4961.69
3321.42
4883.85
3335.97
4828.70
3328.19
4830.39
3297.25
4894.47
3300.90
4883.18
3272.37
4960.37
3294.57
5012.10
3289.32
4988.61
3266.23
4965.82
3243.63
4916.38
3239.64
4989.48
3263.74
4945.29
3256.39
4928.89
3233.47
4864.82
3249.19
4928.30
3264.85
4908.13
3244.54
4881.81
3227.79
4921.12
3220.67
4905.53
3200.20
4915.14
3178.60
4904.04
3157.84
4902.47
3136.16
4922.74
3119.71
4906.61
3101.95
4870.32
3097.47
4886.77
3080.63
4914.05
3070.17
4885.00
3061.44
4933.40
3072.51
4894.64
3073.10
4923.84
3065.59
4922.96
3047.08
4894.74
3039.79
4888.33
3022.42
4860.98
3015.36
4914.84
3039.31
4878.30
3041.15
4927.57
3059.15
4963.20
3060.62
4989.68
3054.10
4961.91
3048.99
4956.05
3033.07
5007.85
3057.97
5003.20
3042.16
4978.96
3035.49
4993.34
3023.09
4976.00
3012.47
4961.52
3000.64
4950.21
2987.72
4962.75
2975.54
4962.16
2960.92
4930.42
2963.90
4914.69
2953.93
4918.99
2940.16
4915.00
2926.54
4890.88
2923.40
4846.82
2945.30
4859.92
2934.92
4817.73
2954.56
4819.84
2941.31
4862.52
2962.47
4903.32
2980.78
4894.32
2969.22
4865.63
2972.10
4874.28
2960.71
4890.81
2953.40
4874.94
2945.87
4876.11
2933.49
4851.10
2933.96
4813.94
2950.02
4845.69
2958.59
4850.90
2947.10
4892.39
2971.03
4895.33
2959.31
4913.28
2954.37
4951.80
2974.30
4955.55
2962.96
4945.40
2953.69
4923.98
2952.36
4945.98
2951.74
4972.67
2956.37
4967.56
2945.81
4963.24
2935.23
4945.95
2931.18
4955.83
2922.64
4987.62
2935.45
5005.99
2932.69
5024.81
2930.47
5047.88
2932.63
5032.75
2927.69
5031.44
2917.40
5030.00
2907.24
5033.89
2897.50
5054.65
2898.21
5067.07
2892.14
5083.29
2888.94
5079.46
2879.54
5106.63
2888.83
5136.54
2902.24
5102.70
2922.15
5083.21
2922.36
5056.14
2931.84
5031.12
2938.65
5003.08
2949.76
4974.01
2962.47
4949.47
2968.89
4976.66
2979.03
5001.89
2986.52
5003.83
2977.28
4996.81
2969.34
4987.02
2962.77
4984.87
2953.79
4996.63
2948.60
4997.50
2939.67
5017.09
2941.58
5033.99
2940.83
5051.46
2940.75
5025.76
2950.89
5048.19
2956.61
5055.61
2949.54
5069.59
2946.63
5074.93
2938.94
5067.62
2932.05
5075.20
2925.37
