4024
4592
131
7401
9945
1837
8273
480
1237
5476
9352
4869
9779
9976
2152
8774
4162
7045
89
4345
515
1204
4765
3938
267
1283
7401
8475
1454
4149
3404
549
650
9819
1642
9673
9871
9463
7733
3537
5022
7327
5812
551
3881
9475
1925
5810
9747
4988
4777
914
1961
4920
8355
4262
9283
7961
3626
3621
1950
9449
2205
3896
764
9055
3577
3118
7594
3830
5588
4116
4789
6403
3713
2148
6137
7015
2619
8757
1794
7289
4851
2552
4350
2536
9547
1699
9264
8134
7373
2435
4417
9825
4566
2676
6374
3294
3542
3831
6217
4902
1693
3295
5366
4496
2334
133
6274
219
5052
9600
9473
3877
1596
5868
6809
3018
5014
1875
355
8687
5487
9995
5260
7157
9805
5433
3646
2160
7806
8469
4294
4388
2629
6290
9311
7522
7622
8255
2915
4846
4826
5590
8044
6868
7451
4517
9128
9593
27
2140
942
1203
684
469
1121
9246
8987
5313
3874
3411
4636
6914
5140
8249
7839
7969
709
8839
6317
7460
5993
3803
6394
-1
