3791
7574
5961
3387
6437
5885
3825
4545
9259
9822
1095
7165
1600
3973
6748
4292
8166
5591
5843
1170
1806
1151
1775
5063
4507
9807
3833
4959
4464
1451
1602
877
8925
6904
7764
8960
1418
2222
1035
8396
6673
7925
5778
3102
659
6252
9449
9436
4812
1158
6672
5069
5494
4277
595
9053
7918
6683
9040
6283
7634
3226
6950
4900
2093
4251
6836
9020
7561
2088
7218
210
313
7060
496
4123
221
9685
5094
4340
4653
5498
7292
8587
1323
5640
2505
468
5421
7612
2867
6308
3000
3827
869
1734
9137
2151
35
6083
5086
8995
8786
4555
2768
5784
267
476
2149
570
8115
2930
5390
7232
5315
5978
7598
8232
8953
7847
6174
-1
