3791.00
0.00
5682.50
1891.50
5775.33
1549.97
5178.25
1694.50
5430.00
1597.05
5505.83
1467.73
5265.71
1480.69
5175.62
1405.42
5629.33
1844.60
6048.60
2155.07
5598.27
2500.02
5728.83
2432.44
5411.23
2583.03
5308.50
2516.48
5404.47
2457.53
5334.94
2394.68
5501.47
2416.80
5506.44
2348.79
5524.16
2287.38
5306.45
2423.02
5139.76
2479.35
4958.45
2560.87
4820.04
2587.36
4830.17
2533.34
4817.24
2482.97
5009.15
2617.02
4965.59
2577.69
4965.36
2531.24
4948.07
2488.89
4831.50
2526.30
4727.32
2549.88
4607.00
2597.59
4737.85
2662.88
4801.56
2648.83
4886.20
2656.96
4999.36
2703.98
4902.57
2729.69
4832.03
2727.49
4734.67
2758.38
4826.20
2783.02
4871.24
2763.59
4943.95
2769.90
4963.35
2740.39
4921.05
2723.24
4826.33
2765.12
4857.33
2742.79
4955.02
2793.19
5048.38
2837.07
5043.55
2808.17
4965.84
2832.67
4999.29
2814.72
5000.63
2787.54
5009.94
2761.93
4996.37
2738.02
4916.35
2776.02
4990.21
2805.13
5041.58
2806.86
5069.88
2790.75
5137.17
2814.05
5156.27
2794.36
5196.89
2789.16
5165.10
2777.69
5193.43
2764.58
5188.84
2743.14
5141.22
2748.49
5127.73
2729.76
5153.22
2717.22
5210.09
2737.03
5244.16
2731.61
5199.07
2737.77
5227.51
2728.81
5157.82
2772.69
5091.45
2810.62
5118.05
2800.81
5056.43
2832.13
5044.14
2815.45
4981.51
2849.91
5041.81
2880.60
5042.47
2862.32
5033.69
2845.44
5028.99
2828.13
5034.71
2811.31
5061.90
2805.15
5103.87
2814.49
5059.39
2827.43
5066.14
2811.64
5036.70
2808.73
4984.78
2834.40
4989.69
2818.80
5018.82
2816.54
4995.18
2810.00
5009.45
2798.00
4987.84
2790.62
4975.49
2778.29
4932.26
2795.22
4898.95
2799.52
4942.64
2817.76
4914.15
2817.35
4864.87
2845.23
4877.05
2833.56
4879.12
2819.58
4919.47
2834.88
4957.01
2846.44
4953.14
2833.00
4932.33
2827.45
4940.37
2815.29
4896.69
2837.95
4855.76
2856.34
4830.93
2854.89
4792.19
2870.52
4822.13
2874.75
4805.23
2867.42
4810.41
2855.23
4831.65
2851.63
4835.85
2839.56
4845.70
2829.27
4869.22
2828.52
4897.72
2833.33
4931.80
2845.58
4956.09
2846.06
4966.16
2836.42
