8364
8271
8633
9626
8943
9669
8600
8064
3534
6804
3388
8119
835
1012
9146
7959
1324
1007
2005
6156
9999
5122
5553
8493
7905
587
7720
7714
6164
3280
713
9662
1136
2043
9098
1308
4548
5705
8879
8391
7632
522
6868
5409
3974
3573
7788
4117
5456
586
3071
5474
8760
1896
8676
9614
6095
5344
2188
4077
4348
2262
6290
7746
3548
5488
4443
5284
8783
3147
7290
3021
4078
3370
635
5282
9496
2696
6476
7398
6679
8027
9690
2980
1760
9042
6349
508
4308
3545
3113
9073
9983
6119
3195
10
2202
3281
3081
2342
7492
960
6460
3254
5336
406
9114
5953
6456
6783
2581
7409
6399
1267
5610
544
5154
4506
2896
4800
2517
3311
6202
5054
7736
9052
9918
4176
8038
5657
4835
2927
3315
6208
4777
2726
9427
5737
2115
1489
6377
4887
7514
339
9345
5047
5499
8718
579
5335
1398
9631
9202
4725
9604
6359
4603
2663
6962
261
196
896
4586
3218
1780
1337
462
3403
6045
3405
9875
3184
6041
9696
-1
