8364.00
0.00
8317.50
46.50
8422.67
153.50
8723.50
537.75
8767.40
488.92
8917.67
558.66
8872.29
529.03
8771.25
562.45
8189.33
1729.22
8050.80
1692.31
7626.91
2097.71
7667.92
2013.01
7142.31
2656.25
6704.43
3007.37
6867.20
2968.54
6935.44
2886.41
6605.35
3095.89
6294.33
3270.56
6068.58
3324.29
6072.95
3240.18
6259.90
3270.76
6208.18
3204.34
6179.70
3136.75
6276.08
3105.30
6341.24
3059.26
6119.92
3197.44
6179.19
3152.19
6234.00
3108.47
6231.59
3054.43
6133.20
3049.47
5958.35
3149.03
6074.09
3165.72
5924.45
3230.27
5810.29
3249.28
5904.23
3249.03
5776.56
3291.42
5743.35
3252.74
5742.34
3209.67
5822.77
3206.81
5886.97
3191.75
5929.54
3164.06
5800.79
3233.04
5825.60
3199.27
5816.14
3163.32
5775.20
3139.74
5727.33
3121.98
5771.17
3102.87
5736.71
3079.46
5730.98
3048.13
5628.08
3102.28
5577.94
3092.10
5575.94
3062.26
5636.02
3064.01
5566.76
3077.10
5623.29
3077.17
5694.55
3095.03
5701.58
3068.21
5695.41
3042.00
5635.97
3049.90
5609.98
3030.96
5589.30
3010.28
5535.63
3015.18
5547.60
2992.64
5581.95
2981.66
5550.66
2969.21
5549.71
2946.64
5533.19
2927.64
5529.53
2906.19
5576.68
2911.14
5541.97
2904.61
5566.59
2891.43
5531.24
2886.69
5511.33
2871.83
5482.39
2863.05
5417.76
2897.74
5415.97
2878.65
5468.96
2896.97
5433.41
2895.19
5446.61
2879.17
5471.00
2869.32
5485.91
2854.67
5516.90
2850.89
5567.18
2870.00
5536.38
2866.63
5491.95
2878.67
5533.23
2887.08
5542.61
2871.75
5485.40
2904.82
5472.17
2891.12
5450.76
2882.11
5425.07
2876.57
5464.72
2885.79
5513.30
2907.82
5519.74
2892.97
5495.27
2887.47
5438.14
2925.88
5404.77
2929.06
5383.10
2921.88
5359.85
2916.19
5329.67
2917.07
5351.08
2910.48
5308.03
2928.31
5319.21
2916.25
5299.36
2909.18
5299.70
2895.30
5253.54
2920.18
5289.62
2930.15
5295.76
2917.24
5306.40
2905.93
5319.83
2896.09
5295.15
2894.60
5314.03
2888.51
5323.63
2877.49
5288.04
2889.71
5290.84
2877.27
5249.92
2898.26
5249.10
2885.86
5242.81
2874.41
5223.08
2870.31
5219.56
2858.59
5197.22
2857.25
5181.76
2850.59
5190.06
2840.46
5188.96
2829.01
5209.34
2826.79
5239.83
2836.12
5276.67
2855.03
5268.07
2845.51
5289.54
2844.85
5292.37
2834.07
5288.88
2823.51
5270.98
2820.24
5256.28
2814.69
5263.38
2805.37
5259.78
2795.27
5241.15
2793.37
5271.70
2805.88
5275.07
2795.97
5252.34
2798.67
5225.46
2806.60
5233.62
2798.30
5231.18
2788.58
5247.15
2785.32
5213.06
2805.40
5241.56
2816.54
5240.23
2806.93
5241.99
2797.44
5265.47
2802.48
5234.02
2819.15
5234.69
2809.75
5209.28
2817.67
5238.38
2831.04
5264.28
2839.79
5260.78
2830.89
5288.80
2843.09
5295.66
2835.25
5291.25
2826.74
5274.61
2825.48
5285.23
2819.74
5253.83
2838.66
5222.41
2857.60
5195.70
2868.85
5191.96
2860.43
5179.93
2855.83
5159.32
2859.37
5136.30
2866.05
5108.31
2880.12
5098.15
2874.53
5103.76
2866.93
5093.76
2861.44
5121.73
2876.25
5110.46
2871.66
5115.84
2864.22
5142.16
2876.89
