7846
9967
8571
5026
1499
1056
3039
3170
1075
1558
6540
3611
6308
2788
9735
6149
2424
298
9801
4053
3987
9700
5379
7244
7251
9613
9156
8420
7247
7149
1229
3442
3303
8098
3496
2266
7280
359
3225
1481
7652
1147
2970
5388
1895
3084
1998
5564
6088
6126
9255
7287
1871
2604
5384
2186
6875
774
5863
4537
2698
3943
1013
5205
6575
9426
2227
5733
5970
7195
2172
1713
3639
9271
3012
1620
7002
3228
8103
3543
7963
8572
3574
8676
6978
224
1941
7343
8856
6122
293
529
5789
930
7822
5664
9327
9310
4265
1210
2368
7991
6616
366
4490
4979
4543
8304
2077
11
5078
8389
6515
988
9781
2440
7934
1005
565
955
1454
9058
6845
7541
6045
2363
3412
4649
9397
8347
3096
5785
196
3656
179
4534
2149
5145
5075
8335
5879
1777
2399
3941
3946
3317
9258
9528
9426
129
8529
8
9834
3149
9894
8113
7386
7406
9462
1440
682
6204
9612
9183
4839
9976
4618
2157
-1
