7846.00
0.00
8906.50
1060.50
8794.67
880.22
7852.50
1801.15
6581.80
3008.99
5660.83
3433.06
5286.29
3308.16
5021.75
3172.66
4583.22
3238.18
4280.70
3203.27
4486.09
3122.49
4413.17
2999.33
4558.92
2925.56
4432.43
2855.79
4785.93
3059.64
4871.13
2980.80
4727.18
2948.57
4481.11
3039.80
4761.11
3188.28
4725.70
3111.39
4690.52
3040.47
4918.23
3148.51
4938.26
3080.74
5034.33
3050.86
5123.00
3020.62
5295.69
3085.25
5438.67
3114.11
5545.14
3107.65
5603.83
3069.34
5655.33
3030.48
5512.55
3082.07
5447.84
3054.85
5382.85
3030.59
5462.71
3020.73
5406.51
2995.24
5319.28
2998.10
5372.27
2974.35
5240.34
3042.69
5188.67
3020.27
5095.98
3037.94
5158.32
3026.45
5062.81
3052.10
5014.14
3032.85
5022.64
2998.70
4953.13
3000.83
4912.50
2980.52
4850.49
2978.48
4865.35
2949.06
4890.31
2923.92
4915.02
2899.70
5000.12
2933.51
5044.10
2922.09
4984.23
2926.42
4940.15
2916.90
4948.22
2890.87
4898.89
2888.20
4933.56
2874.48
4861.84
2900.58
4878.81
2878.80
4873.12
2855.04
4837.46
2844.98
4823.03
2824.19
4762.56
2841.87
4769.47
2820.11
4797.25
2807.15
4867.38
2842.60
4827.97
2839.42
4841.28
2820.56
4857.64
2803.30
4891.03
2796.99
4852.73
2795.64
4809.13
2800.37
4793.10
2784.45
4853.61
2813.48
4829.05
2802.64
4786.83
2808.05
4815.60
2801.01
4795.24
2788.72
4837.11
2795.58
4820.94
2781.77
4859.73
2786.23
4905.00
2799.00
4888.96
2785.88
4934.05
2799.54
4958.09
2791.73
4903.05
2821.48
4869.00
2822.93
4897.11
2819.06
4941.60
2834.07
4954.71
2821.00
4903.48
2847.23
4855.93
2867.82
4865.97
2853.98
4824.10
2867.33
4855.65
2868.57
4864.07
2854.77
4910.08
2875.57
4954.98
2894.83
4948.01
2881.00
4910.63
2890.59
4885.46
2887.24
4915.90
2889.30
4932.41
2880.06
4888.50
2900.62
4884.70
2887.03
4885.59
2873.40
4882.39
2860.13
4914.07
2865.66
4888.05
2865.28
4843.71
2889.54
4845.82
2876.58
4877.46
2883.04
4891.95
2874.35
4857.70
2884.78
4900.51
2908.35
4879.30
2904.71
4905.41
2905.91
4872.36
2915.57
4836.16
2929.80
4803.82
2938.82
4776.13
2942.32
4811.23
2955.56
4827.76
2949.19
4849.65
2947.28
4859.21
2937.39
4839.40
2934.09
4828.16
2925.24
4826.76
2913.83
4862.19
2930.06
4888.99
2934.60
4875.31
2927.54
4882.20
2917.50
4846.96
2934.57
4838.07
2925.39
4803.56
2941.79
4801.58
2931.05
4782.22
2929.04
4784.85
2918.58
4786.94
2908.16
4812.28
2913.12
4819.84
2904.15
4798.42
2905.07
4781.64
2901.79
4775.80
2892.54
4770.08
2883.37
4760.12
2875.98
4790.72
2889.92
4822.73
2906.17
4853.62
2920.69
4822.13
2936.22
4846.68
2941.88
4814.84
2958.17
4847.65
2976.09
4836.62
2969.55
4869.25
2987.52
4890.04
2989.16
4905.94
2986.24
4921.76
2983.37
4950.31
2995.55
4928.38
2998.96
4902.00
3008.19
4910.04
3000.63
4938.88
3013.86
4964.76
3022.76
4964.00
3013.61
4994.19
3029.44
4991.94
3020.50
4975.07
3019.38
