9422
971
5489
6624
5095
608
1473
3445
8363
4568
3753
2653
9788
552
5455
9020
9881
3711
513
6463
545
4543
4566
8795
392
3758
275
7950
5649
3483
5121
3670
2100
7010
1757
6301
4194
5125
2256
7661
1360
7256
5779
5533
933
3907
231
39
9330
7678
8216
6421
52
356
969
4810
5423
4007
2736
1730
76
1345
9470
1857
687
694
6749
4673
7218
7823
6229
6925
9861
9136
8199
7375
765
3095
5599
8711
5021
9340
3581
3966
5528
1547
8752
3946
1580
8907
764
7429
6823
2887
7542
1960
1900
1821
1056
538
7120
7826
3702
3632
7750
2644
4750
5327
5569
2115
1749
6963
3259
8325
9346
2134
1993
5120
3435
4410
570
6990
5277
8888
207
7955
5125
450
8509
6243
966
1603
6305
9364
4911
4850
2763
2300
6455
2255
3781
7457
9345
8766
9426
6751
1135
8095
5765
6282
3870
6311
9713
5047
527
76
8066
7762
1280
5855
9623
660
1351
1677
1077
8197
6026
-1
