9422.00
0.00
5196.50
4225.50
5294.00
3452.86
5626.50
3045.22
5520.20
2732.01
4701.50
3093.74
4240.29
3079.00
4140.88
2892.13
4610.00
3032.43
4605.80
2876.84
4528.27
2753.90
4372.00
2687.12
4788.62
2957.70
4486.00
3051.82
4550.60
2958.23
4829.94
3061.80
5127.06
3199.32
5048.39
3126.06
4809.68
3206.80
4892.35
3146.30
4685.33
3207.01
4678.86
3133.42
4673.96
3064.63
4845.67
3111.07
4667.52
3170.69
4632.54
3114.04
4471.15
3164.69
4595.39
3174.02
4631.72
3124.73
4593.43
3079.12
4610.45
3030.49
4581.06
2987.25
4505.88
2972.22
4579.53
2958.59
4498.89
2953.69
4548.94
2927.40
4539.35
2888.14
4554.76
2851.43
4495.82
2837.99
4574.95
2845.53
4496.54
2854.03
4562.24
2851.06
4590.53
2823.67
4611.95
2794.93
4530.20
2816.41
4516.65
2787.11
4425.47
2825.80
4334.08
2865.54
4436.04
2922.79
4500.88
2928.80
4573.73
2945.33
4609.25
2927.89
4523.26
2965.68
4446.09
2991.32
4382.87
3000.19
4390.50
2973.82
4408.61
2950.73
4401.69
2925.65
4373.46
2908.71
4329.40
2904.15
4259.67
2930.45
4212.66
2929.82
4296.11
2979.83
4258.00
2971.89
4203.06
2981.51
4149.89
2989.73
4188.69
2984.02
4195.81
2962.57
4239.61
2963.12
4290.80
2972.45
4318.10
2960.27
4354.31
2955.43
4429.74
3004.10
4493.34
3032.81
4542.75
3042.36
4580.01
3039.46
4530.47
3050.39
4512.06
3035.08
4525.82
3018.25
4578.14
3035.16
4583.60
3016.76
4641.61
3043.42
4628.83
3027.24
4620.94
3010.03
4631.61
2993.86
4595.74
2994.72
4643.52
3010.24
4635.59
2994.00
4601.26
2994.50
4649.10
3011.83
4606.41
3022.50
4637.09
3020.24
4660.59
3012.40
4641.72
3001.86
4672.25
3000.65
4644.00
2997.66
4615.71
2995.02
4587.19
2992.91
4551.53
2998.61
4511.39
3010.19
4537.22
3006.37
4569.46
3009.09
4561.04
2995.65
4552.11
2982.60
4582.56
2984.56
4564.27
2976.36
4566.01
2962.47
4573.06
2949.63
4582.19
2937.60
4559.76
2933.58
4534.44
2932.38
4556.12
2928.19
4544.65
2917.73
4577.81
2926.22
4619.27
2946.91
4597.84
2943.16
4575.58
2940.35
4580.19
2928.29
4570.57
2917.83
4569.23
2905.69
4536.18
2916.22
4556.30
2912.66
4562.15
2901.51
4597.04
2915.58
4561.92
2930.11
4588.85
2933.95
4593.07
2922.76
4560.70
2934.08
4591.31
2943.13
4604.02
2935.33
4576.24
2941.20
4553.72
2941.36
4566.89
2934.18
4602.69
2952.23
4604.97
2941.39
4606.77
2930.63
4593.31
2924.13
4576.70
2920.00
4590.21
2913.81
4573.53
2910.03
4567.91
2900.46
4588.25
2900.31
4621.52
2917.21
4650.30
2927.36
4683.23
2943.90
4697.40
2938.75
4673.16
2943.34
4696.28
2946.75
4703.46
2938.14
4713.98
2931.14
4708.39
2922.22
4718.93
2915.48
4751.58
2933.66
4753.49
2924.22
4726.23
2934.35
4696.42
2948.38
4717.88
2951.17
4737.15
2951.71
4715.40
2955.08
4722.53
2947.20
4752.96
2963.15
4727.70
2971.33
4706.98
2973.92
4688.51
2974.20
4666.62
2978.40
4687.89
2981.95
4695.90
2974.80
