1809
4792
604
8731
5211
3874
6719
7742
333
6659
464
2563
3328
2218
1020
1632
7075
7694
3547
8314
2678
9268
326
7045
7036
2115
1771
4336
8180
5762
2267
3639
7916
6194
7775
8605
7711
2707
5788
4385
995
1800
5331
3891
5529
8630
5542
6646
7931
9753
3636
140
231
4377
7975
3081
4256
761
7268
9170
4422
6760
1576
7387
2566
8158
7716
5150
5930
5988
6892
7027
7645
2935
2070
3509
7999
3388
9562
9182
8
3728
6479
5250
1129
4927
3342
8418
8128
4132
5008
8738
2406
8458
2433
1343
276
1099
1116
6620
4237
9885
9734
8628
6232
6637
568
7435
2925
6091
2937
6128
8568
846
5470
7400
495
1424
4782
2177
9516
7909
7500
2062
8210
3767
8342
4116
5128
3338
2049
9131
6828
9675
2311
1809
6369
9876
9179
9248
9406
8839
259
9900
6674
8768
9472
5418
267
3867
3679
4030
4457
6896
8982
9909
6525
8113
2322
7654
6022
639
8162
8987
5582
3432
8790
3963
1598
5162
6124
7442
1754
9453
3738
6898
5549
-1
