1809.00
0.00
3300.50
1491.50
2401.67
1760.36
3984.00
3136.16
4229.40
2847.68
4170.17
2602.93
4534.29
2569.60
4935.25
2627.34
4423.89
2868.42
4647.40
2802.62
4267.09
2930.35
4125.08
2844.86
4063.77
2741.49
3931.93
2684.19
3737.80
2692.99
3606.19
2656.83
3810.24
2703.64
4026.00
2773.99
4000.79
2702.12
4216.45
2796.44
4143.19
2748.64
4376.14
2889.84
4200.04
2944.53
4318.58
2938.06
4427.28
2927.53
4338.35
2904.92
4243.26
2891.55
4246.57
2839.50
4382.21
2880.95
4428.20
2843.33
4358.48
2823.04
4336.00
2781.40
4444.48
2806.84
4495.94
2781.01
4589.63
2794.90
4701.17
2833.71
4782.51
2837.45
4727.89
2819.51
4755.08
2788.17
4745.82
2753.70
4654.34
2780.77
4586.38
2781.71
4603.70
2751.47
4587.50
2722.09
4608.42
2695.25
4695.85
2729.55
4713.85
2703.11
4754.10
2689.00
4818.94
2699.06
4917.62
2759.78
4892.49
2738.36
4801.10
2789.34
4714.87
2832.01
4708.61
2806.03
4768.00
2814.45
4737.87
2798.14
4729.42
2774.21
4661.00
2798.28
4705.19
2794.80
4779.60
2829.74
4773.74
2806.82
4805.77
2795.31
4754.51
2802.26
4795.64
2799.39
4761.34
2791.29
4812.80
2800.97
4856.13
2802.19
4860.46
2781.73
4875.96
2764.46
4891.84
2747.81
4920.01
2738.55
4949.28
2730.62
4986.21
2729.90
4958.49
2721.71
4919.97
2723.73
4901.41
2710.53
4941.64
2715.61
4921.72
2703.80
4980.46
2736.26
5032.97
2758.88
4970.94
2797.38
4955.78
2783.62
4974.13
2771.78
4977.42
2755.40
4932.14
2770.39
4932.08
2754.24
4913.80
2743.61
4953.62
2753.14
4989.29
2758.00
4979.77
2744.11
4980.08
2728.99
5020.92
2741.95
4992.81
2740.47
5029.67
2748.94
5002.34
2747.24
4964.22
2758.03
4915.89
2784.35
4876.94
2796.54
4838.95
2807.68
4856.76
2799.22
4850.62
2786.00
4899.98
2816.34
4946.91
2842.43
4982.31
2851.45
4994.21
2840.43
5009.71
2831.46
4968.20
2850.42
4991.04
2847.02
4972.08
2840.76
4982.25
2829.81
4963.83
2823.66
4974.22
2813.16
5006.03
2820.83
4969.54
2835.10
4973.89
2823.13
4994.80
2819.87
4956.34
2838.18
4926.41
2844.62
4925.19
2832.67
4902.29
2831.88
4940.42
2850.92
4964.75
2851.80
4985.37
2849.30
4961.79
2849.80
4987.78
2853.09
4978.09
2843.81
5004.57
2848.16
4997.63
2838.09
4998.64
2827.09
4985.87
2819.93
4963.45
2820.75
4995.02
2833.18
5008.80
2826.95
5043.63
2844.87
5023.39
2843.98
4999.75
2846.79
5009.74
2838.77
5045.01
2858.42
5074.75
2869.47
5104.56
2880.72
5135.06
2893.09
5161.15
2899.48
5126.87
2918.06
5160.01
2934.80
5170.46
2927.34
5195.10
2932.35
5224.19
2943.43
5225.50
2933.51
5192.22
2951.55
5183.39
2943.67
5173.42
2936.44
5165.90
2928.23
5161.27
2919.20
5172.53
2913.04
5197.11
2919.61
5227.31
2934.43
5235.58
2926.89
5253.79
2926.52
5235.35
2926.50
5250.47
2923.56
5255.26
2915.09
5226.77
2928.49
5244.77
2928.47
5267.59
2934.03
5269.50
2925.23
5258.43
2919.87
5279.57
2923.84
5271.74
2916.88
5250.00
2921.85
5249.48
2913.26
5254.60
2905.49
5267.31
2901.80
5247.01
2905.63
5271.18
2914.67
5262.42
2908.62
5271.71
2902.95
5273.28
2894.81
