5024.00
0.00
5066.50
42.50
3444.67
2293.88
4243.00
2420.42
5058.20
2710.16
4624.67
2657.17
3964.86
2943.46
4092.75
2774.07
4531.33
2894.70
4154.00
2970.31
4403.82
2940.20
4762.67
3056.29
5162.38
3246.48
5488.29
3341.79
5785.40
3414.52
5442.81
3562.41
5408.29
3458.80
5494.50
3380.09
5436.16
3299.24
5615.60
3309.46
5823.95
3361.42
5828.82
3284.21
5655.61
3313.18
5474.83
3357.29
5359.80
3337.38
5401.73
3279.28
5412.48
3218.45
5412.50
3160.45
5262.79
3204.93
5248.70
3151.98
5351.35
3151.29
5390.72
3109.39
5523.61
3152.84
5654.94
3196.45
5664.46
3150.94
5736.14
3135.68
5841.24
3156.65
5833.00
3115.24
5704.59
3175.29
5706.18
3135.36
5595.15
3175.50
5653.98
3160.01
5746.14
3179.65
5838.11
3200.65
5814.93
3168.62
5701.33
3225.32
5613.62
3245.80
5643.40
3218.29
5709.96
3218.49
5614.68
3255.20
5683.92
3260.11
5606.19
3275.98
5522.06
3301.16
5456.44
3305.15
5477.95
3278.77
5522.36
3266.02
5547.12
3242.54
5508.64
3227.57
5508.51
3200.10
5530.47
3177.80
5500.00
3160.47
5517.32
3137.80
5556.29
3127.88
5528.23
3111.32
5470.26
3121.93
5500.23
3107.60
5517.79
3087.62
5467.60
3092.24
5517.16
3096.83
5491.34
3082.10
5489.65
3060.35
5435.26
3073.38
5435.81
3052.26
5474.95
3049.96
5454.21
3034.80
5401.21
3049.51
5341.27
3074.37
5330.72
3056.01
5370.33
3056.69
5422.51
3072.73
5376.63
3081.16
5348.05
3073.10
5358.55
3056.01
5360.37
3037.81
5400.28
3041.96
5383.66
3028.10
5341.05
3036.48
5362.98
3026.10
5347.53
3012.54
5302.21
3026.11
5252.84
3045.67
5298.41
3060.12
5340.96
3070.86
5355.23
3057.58
5350.94
3041.73
5307.44
3055.41
5345.42
3062.32
5290.93
3093.56
5261.08
3092.05
5277.03
3080.64
5289.03
3067.70
5270.61
3058.24
5252.72
3048.71
5215.16
3057.86
5190.88
3053.33
5234.17
3071.11
5261.52
3069.67
5284.27
3064.47
5300.35
3054.95
5320.42
3048.24
5359.10
3061.48
5397.37
3074.33
5355.00
3093.37
5392.61
3105.60
5360.30
3111.24
5362.22
3097.87
5398.76
3109.61
5363.29
3120.08
5320.94
3140.82
5283.26
3154.60
5263.36
3149.09
5257.95
3136.72
5285.61
3138.84
5261.44
3137.63
5296.38
3149.17
5325.08
3153.02
5284.45
3173.53
5245.18
3191.93
5235.43
3181.45
5254.38
3176.48
5276.73
3174.58
5288.66
3165.48
5276.05
3156.89
5270.63
3145.70
5282.76
3137.17
5254.57
3142.74
5264.55
3133.42
5271.62
3123.14
5297.18
3126.34
5329.84
3138.86
5343.09
3131.63
5335.96
3121.73
5342.84
3111.88
5309.74
3126.22
5322.19
3119.00
5285.90
3138.87
5271.20
3133.21
5274.36
3122.84
5259.71
3117.44
5290.36
3129.47
5266.80
3132.41
5264.42
3122.22
5258.99
3112.72
5231.37
3121.35
5243.72
3115.03
5263.39
3114.68
5249.57
3109.54
5276.52
3118.02
5262.62
3113.11
5261.17
3103.42
