5024
5109
201
6638
8319
2457
6
4988
8040
758
6902
8710
9959
9725
9945
304
4856
6960
4386
9025
9991
5931
1845
1317
2599
6450
5692
5413
1071
4840
8431
6611
9776
9989
5988
8245
9625
5528
825
5768
1154
8066
9617
9793
4795
589
1579
7043
8905
946
9146
1642
1147
1979
6639
7965
6934
3315
5501
6826
3672
6574
7972
3761
1760
7448
6677
2105
8887
3710
5371
1574
5475
8332
3920
1426
786
4518
8460
9545
1706
3033
6220
5511
8753
3971
1676
7271
3988
1269
809
9446
9255
6683
4947
1175
8992
5
2336
6856
6489
3410
3428
1347
2665
9780
8161
7718
7037
7508
9614
9645
610
9642
1678
5583
9637
1213
324
799
2876
4603
8660
2289
9628
8913
165
258
3988
7698
8182
6852
3611
4551
6908
1448
6623
6239
8825
9869
7198
4331
6320
576
7115
24
3126
5738
3092
9857
1733
4905
4433
1006
7145
8313
3094
9507
3066
5031
-1
