8509.00
0.00
7118.50
1390.50
7948.33
1632.86
6243.75
3273.61
6825.20
3150.48
6823.67
2875.98
6113.14
3181.00
5385.62
3543.85
5886.89
3629.54
5594.00
3553.63
5926.09
3547.26
5772.50
3434.24
6002.31
3394.19
6012.71
3270.93
6005.80
3160.13
5843.19
3123.92
6055.29
3147.17
6041.78
3059.01
6167.21
3024.60
6012.80
3023.88
5908.05
2987.95
5687.45
3089.33
5744.70
3033.33
5625.21
3024.25
5779.60
3058.15
5927.04
3088.05
5954.52
3033.56
5947.93
2979.10
5927.52
2929.27
5910.43
2881.51
5856.06
2850.25
5709.84
2921.10
5696.70
2877.47
5804.21
2901.33
5873.09
2887.65
5850.97
2850.26
5914.05
2836.84
5931.37
2801.25
5907.62
2768.98
5925.20
2736.35
5841.90
2753.64
5736.50
2803.12
5757.40
2773.64
5707.00
2761.78
5629.11
2779.37
5625.91
2749.08
5707.77
2775.76
5677.10
2754.72
5743.33
2764.80
5821.28
2790.88
5810.25
2764.48
5794.56
2740.06
5693.30
2810.59
5766.43
2834.88
5678.84
2881.79
5661.79
2858.74
5639.46
2838.48
5598.36
2830.95
5566.42
2817.38
5559.67
2794.28
5506.36
2801.88
5558.55
2808.92
5518.14
2804.64
5565.88
2808.32
5506.94
2826.24
5498.97
2805.48
5499.78
2784.47
5441.35
2804.99
5434.32
2785.19
5357.90
2837.15
5343.76
2819.58
5321.86
2806.01
5273.59
2816.66
5333.85
2844.55
5299.03
2841.36
5246.72
2858.72
5244.06
2840.19
5285.40
2845.14
5310.94
2836.06
5335.16
2826.49
5364.77
2821.44
5410.11
2833.72
5396.19
2819.42
5337.89
2852.47
5295.46
2862.19
5308.65
2848.10
5308.18
2831.69
5272.81
2834.82
5257.21
2822.64
5300.71
2836.76
5263.10
2843.60
5271.99
2829.38
5315.84
2845.38
5362.96
2866.45
5314.54
2889.71
5280.81
2893.35
5262.16
2884.19
5267.68
2869.96
5292.11
2865.65
5244.58
2890.24
5267.37
2884.91
5229.78
2895.47
5245.30
2885.64
5214.39
2888.81
5177.75
2899.20
5159.42
2891.60
5175.75
2882.96
5134.81
2900.65
5167.30
2906.99
5211.08
2929.62
5249.32
2943.84
5269.28
2938.20
5308.98
2955.20
5302.79
2942.94
5327.08
2941.57
5338.59
2931.47
5356.67
2925.40
5342.11
2917.23
5332.88
2906.67
5317.68
2899.28
5346.05
2903.95
5335.02
2894.57
5297.04
2913.15
5310.67
2905.31
5279.26
2914.72
5248.06
2924.02
5237.86
2914.74
5259.25
2913.32
5229.11
2921.97
5217.98
2913.46
5230.75
2905.97
5243.55
2898.64
5246.55
2887.93
5212.01
2904.58
5233.46
2904.44
5228.32
2894.36
5243.87
2889.47
