8509
5728
9608
1130
9151
6816
1850
293
9897
2958
9247
4083
8760
6148
5909
3404
9449
5812
8425
3079
3813
1055
7004
2877
9485
9613
6669
5770
5356
5415
4225
1177
5276
9352
8215
5077
8185
6572
5005
6611
2510
1415
6635
3540
2202
5482
9473
4236
8922
9641
5259
4994
428
9642
949
4724
4389
3256
3714
5161
2308
8742
3013
8573
1735
4981
5553
1527
4956
85
4354
3767
1798
9733
2722
1324
5042
8468
7303
7249
7733
9083
4255
499
1731
6430
5268
2195
3885
9172
1878
6081
9350
9745
763
2077
3472
5803
7686
539
7546
1434
6828
2031
1367
3235
6906
755
8676
9983
9456
7484
9756
4603
8096
6663
7453
3639
4244
3509
8750
4001
663
6987
1385
1347
3953
7976
1371
3782
6891
6920
5643
618
8108
4534
7359
-1
