9058.00
0.00
8662.00
396.00
8114.00
839.73
7639.75
1097.09
7101.60
1456.47
7401.33
1488.94
6755.71
2097.90
6679.88
1972.64
6923.56
1983.43
6962.10
1885.19
6801.64
1867.71
6577.33
1936.77
6221.08
2232.84
6470.00
2331.30
6410.67
2263.17
6152.06
2409.34
5880.76
2577.04
5862.11
2505.61
5988.00
2496.58
5737.25
2667.57
5703.67
2607.61
5723.82
2549.33
5584.35
2577.68
5691.38
2575.08
5608.60
2555.44
5658.96
2518.43
5483.15
2628.93
5403.07
2614.87
5302.52
2623.91
5165.43
2683.35
5157.97
2640.03
5244.75
2643.00
5350.21
2670.14
5383.85
2637.67
5510.60
2702.73
5440.89
2696.65
5489.92
2676.18
5580.55
2697.66
5446.08
2788.90
5465.05
2756.37
5514.37
2740.35
5556.40
2720.88
5548.70
2689.52
5479.50
2697.22
5461.07
2669.89
5552.76
2711.40
5542.87
2683.24
5574.19
2663.81
5637.08
2672.25
5637.16
2645.39
5565.51
2667.88
5557.83
2642.67
5587.57
2626.39
5558.57
2610.50
5630.80
2640.55
5554.61
2677.18
5582.88
2662.02
5617.60
2651.96
5605.69
2630.95
5625.90
2613.55
5620.72
2592.35
5629.08
2572.18
5589.19
2570.95
5503.11
2640.70
5433.38
2679.03
5464.65
2670.58
5417.79
2677.77
