1118
921
3563
8965
4630
9121
5154
9017
3527
7860
1164
3713
4746
7779
7497
4735
1598
7247
6032
4433
3921
8297
1506
1825
3966
7642
3805
5001
9356
2243
4555
5326
1219
1107
1904
971
3868
6333
5441
5171
9589
527
4383
7317
1024
7540
1453
6725
4596
5939
4329
5922
188
6326
9399
7060
5892
5975
2810
8013
4350
8850
4250
8069
2929
5524
2621
1646
9242
4091
2837
3532
4061
337
843
8530
4157
1514
9202
6590
2307
1833
795
4538
8207
9435
6913
8146
1798
2200
7963
1412
9993
6867
5616
7263
9240
7242
8994
1967
5295
5307
7600
5461
4510
3131
5455
8222
8208
5753
9029
1336
9533
2076
9416
290
5734
7041
3470
1980
8892
2381
6293
8025
1168
7275
1899
1234
9126
3934
2286
5931
7349
3406
5458
2471
232
9806
1841
1126
2252
612
243
6962
4301
8935
447
9839
5664
9491
6663
7118
2893
8743
1939
5495
405
1732
2975
7136
8218
5442
8322
1538
348
1833
1015
8745
5222
4685
7111
4389
4884
7691
6723
149
9648
-1
