1118.00
0.00
1019.50
98.50
1867.33
1201.71
3641.75
3244.80
3839.40
2929.04
4719.67
3320.20
4781.71
3077.66
5311.12
3201.55
5112.89
3070.09
5387.60
3026.89
5003.64
3131.05
4896.08
3018.90
4884.54
2900.74
5091.29
2892.91
5251.67
2858.52
5219.37
2770.57
5006.35
2819.68
5130.83
2787.89
5178.26
2720.98
5141.00
2657.05
5082.90
2606.00
5229.00
2632.64
5067.13
2684.38
4932.04
2706.54
4893.40
2658.60
4999.12
2660.02
4954.89
2620.02
4956.54
2572.82
5108.24
2652.47
5012.73
2658.12
4997.97
2616.14
5008.22
2575.57
4893.39
2618.11
4782.03
2657.47
4699.80
2662.75
4596.22
2696.07
4576.54
2662.01
4622.76
2641.75
4643.74
2610.87
4656.92
2579.34
4777.22
2658.87
4676.02
2705.75
4669.21
2674.47
4729.39
2673.19
4647.04
2699.16
4709.93
2702.79
4640.64
2714.88
4684.06
2702.89
4682.27
2675.20
4707.40
2654.15
4699.98
2628.52
4723.48
2608.53
4637.91
2656.47
4669.17
2641.58
4755.16
2692.66
4796.32
2685.91
4815.54
2666.13
4835.53
2647.35
4801.20
2637.81
4854.73
2647.86
4846.46
2626.85
4911.03
2653.94
4900.54
2634.09
4950.05
2642.80
4918.95
2634.17
4928.12
2615.18
4893.69
2610.62
4845.93
2620.68
4909.64
2654.13
4897.94
2636.90
4868.92
2629.50
4850.35
2615.86
4839.53
2599.50
4778.69
2633.69
4726.21
2654.74
4776.26
2672.60
4768.22
2656.11
4726.50
2664.30
4783.15
2694.25
4805.74
2684.87
4774.89
2682.48
4739.01
2685.55
4691.49
2703.79
4689.67
2687.69
4731.05
2698.62
4785.74
2729.87
4810.20
2723.59
4848.10
2731.05
4813.83
2734.63
4784.79
2733.16
4819.71
2738.22
4782.67
2746.13
4838.70
2783.69
4860.28
2776.65
4868.23
2763.07
4893.18
2759.38
4937.99
2780.01
4961.50
2775.46
5002.23
2790.69
4971.88
2793.08
4975.08
2779.40
4978.33
2765.94
5003.79
2764.46
5008.18
2751.50
5003.44
2738.79
4985.77
2731.84
4990.16
2719.42
5020.08
2724.45
5049.33
2728.90
5055.73
2717.29
5091.52
2730.95
5057.99
2741.58
5097.59
2761.42
5071.09
2763.68
5108.87
2781.05
5067.33
2804.64
5073.03
2793.30
5089.70
2787.29
5076.09
2779.49
5050.29
2782.15
5082.04
2792.38
5059.90
2791.55
5069.93
2782.39
5093.76
2783.72
5062.35
2794.53
5079.91
2790.34
5054.87
2793.51
5025.02
2802.84
5056.81
2815.03
5048.17
2805.90
5027.08
2805.48
5033.93
2795.94
5051.34
2792.58
5039.06
2785.74
5042.16
2775.63
5023.26
2774.12
4988.28
2793.91
5023.20
2813.60
5000.30
2816.33
4972.63
2825.15
4953.33
2824.36
4922.76
2837.71
4890.03
2854.54
4904.42
2849.81
4900.26
2840.40
4927.90
2850.15
4897.41
2864.22
4930.80
2883.09
4935.72
2874.02
4966.09
2888.31
4977.33
2882.02
4991.41
2877.74
4977.70
2873.30
5002.15
2879.87
4982.39
2881.03
4985.67
2872.07
4956.50
2886.01
4936.09
2888.20
4923.75
2883.28
4937.58
2879.54
4957.96
2882.13
4960.94
2873.47
4981.56
2876.64
4960.57
2880.35
4932.61
2893.84
4913.94
2895.06
4890.59
2902.02
4913.54
2908.52
4915.36
2900.00
4914.01
2891.51
4926.85
2887.90
4923.73
2879.79
4923.50
2871.45
4939.40
2870.82
4949.59
2865.76
4922.32
2880.30
4949.02
2893.91
