9470.00
0.00
6946.50
2523.50
7244.33
2103.04
6195.50
2572.40
6896.20
2694.01
6388.67
2708.51
6676.86
2605.06
6105.00
2868.31
5908.33
2760.89
5393.00
3041.44
5546.36
2940.17
5229.08
3005.26
4962.69
3031.24
4782.43
2992.41
4685.67
2913.53
4670.50
2821.62
4595.76
2753.65
4514.22
2697.10
4789.00
2872.38
4597.30
2921.69
4796.48
2987.17
4605.59
3046.76
4529.22
3001.25
4350.88
3060.02
4530.92
3125.25
4643.35
3115.69
4481.85
3166.39
4513.04
3113.56
4482.97
3063.54
4470.27
3012.82
4518.42
2975.54
4520.03
2928.69
4414.15
2945.52
4575.94
3047.08
4646.14
3031.00
4647.44
2988.62
4716.38
2976.83
4597.66
3024.87
4606.64
2986.35
4694.00
2998.82
4701.88
2962.45
4671.07
2933.61
4720.00
2916.58
4768.43
2900.69
4839.67
2906.94
4847.72
2875.67
4902.51
2869.09
4821.10
2893.38
4838.43
2866.22
4893.12
2863.12
4951.53
2864.84
4946.92
2837.35
4993.23
2830.22
5034.94
2820.29
5032.60
2794.59
5044.70
2770.98
5120.37
2804.33
5072.57
2803.38
5045.20
2787.32
5078.55
2775.84
5037.49
2771.30
4966.39
2804.40
4921.89
2804.03
4936.28
2784.38
4863.00
2824.39
4917.86
2837.60
4918.94
2816.36
4982.78
2843.99
4991.48
2824.22
5009.80
2808.10
5017.90
2789.08
5043.47
2778.01
5056.78
2761.23
5074.35
2746.61
5010.28
2783.36
5048.50
2784.72
5104.43
2809.22
5124.50
2796.70
5075.06
2813.04
5084.70
2796.71
5117.06
2794.43
5103.52
2780.01
5071.64
2778.25
5030.49
2787.00
5087.02
2818.59
5044.84
2829.02
5083.20
2835.12
5068.82
2822.15
5050.58
2811.46
5094.22
2825.94
5118.59
2819.87
5068.52
2844.89
5027.98
2856.15
4974.82
2886.80
