4493.00
0.00
5572.00
1079.00
4819.67
1381.37
3813.25
2114.18
3712.00
1901.79
3419.33
1855.34
3645.71
1805.00
3554.38
1705.63
3741.89
1693.28
4045.20
1846.20
3989.36
1769.12
4360.17
2093.18
4603.77
2180.94
4568.29
2105.49
4685.13
2080.56
4568.56
2064.46
4320.59
2234.98
4200.06
2228.14
4155.68
2176.87
4114.35
2129.39
4211.29
2122.81
4168.82
2083.11
4097.65
2064.48
4097.62
2021.02
4237.20
2094.92
4429.23
2267.55
4318.30
2295.93
4309.39
2255.04
4393.90
2260.48
4464.93
2255.17
4387.94
2258.23
4497.03
2304.17
4522.82
2273.67
4444.50
2284.72
4500.34
2275.27
4410.17
2306.00
4340.54
2312.67
4381.45
2295.56
4424.59
2281.50
4507.68
2311.78
4605.12
2365.12
4721.07
2451.90
4726.35
2423.47
4730.09
2395.90
4664.40
2408.86
4569.11
2466.80
4578.70
2441.28
4605.21
2422.54
4583.92
2402.23
4684.24
2479.61
4712.71
2463.41
4719.13
2440.04
4633.38
2494.78
4667.96
2484.36
4712.67
2483.50
4676.05
2476.16
4763.14
2539.39
4796.84
2530.24
4761.64
2522.98
4710.82
2532.15
4663.26
2538.18
4592.53
2577.52
4530.84
2602.71
4604.62
2647.88
4634.62
2638.36
4673.14
2636.65
4681.13
2617.71
4732.74
2632.49
4680.48
2648.64
4656.37
2637.26
4663.48
2619.30
4605.74
2646.16
4599.00
2628.60
4601.69
2610.88
4570.57
2607.19
4583.53
2592.41
4590.81
2576.30
4612.18
2566.60
4571.29
2575.74
4556.61
2562.91
4559.84
2547.21
4606.49
2566.20
4591.48
2554.31
4622.25
2554.49
4646.12
2548.82
4691.72
2568.61
4742.63
2597.08
4766.08
2591.52
4764.36
2576.97
4799.20
2583.61
4852.38
2618.45
4802.68
2646.98
4762.95
2660.16
4749.52
2649.14
4797.79
2676.39
4752.19
2699.26
4789.82
2710.51
4785.56
2696.98
4837.42
2732.00
4878.14
2748.32
4846.96
2752.40
4801.57
2776.61
4760.07
2794.70
4803.82
2816.45
4793.25
2805.08
4771.42
2800.77
4773.92
2787.77
4738.75
2798.57
4696.09
2820.76
4669.07
2822.04
4681.27
2812.21
4674.49
2800.54
4633.42
2821.81
4594.83
2839.18
4600.23
2827.40
4562.82
2843.62
4582.56
2839.41
4559.37
2838.45
4545.51
2830.51
4519.56
2832.87
4516.17
2821.39
4484.39
2831.46
4528.85
2862.37
4547.53
2858.33
4558.46
2849.47
4579.91
2848.26
4621.87
2875.86
4586.36
2892.42
4558.93
2897.86
