4493
6651
3315
794
3307
1956
5004
2915
5242
6775
3431
8439
7527
4107
6321
2820
353
2151
3357
3329
6150
3277
2532
4097
7587
9230
1434
4069
6760
6525
2078
7879
5348
1860
6399
1254
1834
5895
6064
7748
8503
9475
4948
4891
1774
281
5020
5851
3562
9600
6136
5047
174
6501
7127
2662
9640
6718
2720
1712
1810
278
706
9253
6554
7177
5209
8190
1127
2993
5161
506
4114
4798
2268
5555
5144
6258
1382
3397
4818
8385
3361
7176
6651
8568
9121
6806
4613
7900
9639
280
1107
3501
9335
420
8403
4372
9920
8909
1729
217
527
9310
3694
2479
5039
976
89
1724
6023
3922
33
235
5215
261
6872
1847
2910
1431
4109
639
9953
6846
5914
7261
9909
76
1048
-1
