9323.00
0.00
8447.50
875.50
5770.33
3852.98
6693.75
3700.29
5825.20
3737.81
6510.50
3740.44
6167.00
3563.73
6561.50
3493.14
6197.00
3450.96
5708.80
3586.54
5616.64
3432.03
5879.92
3399.96
6031.38
3308.45
5936.43
3206.43
5738.13
3185.32
5640.44
3107.30
5381.65
3187.31
5136.94
3257.68
5205.68
3184.18
5407.00
3225.22
5325.14
3168.71
5169.50
3176.96
4945.22
3280.38
5113.42
3311.07
5178.16
3259.65
5158.12
3197.92
5328.48
3256.15
5478.61
3291.26
5425.17
3246.35
5332.50
3230.57
5438.23
3230.36
5483.94
3189.66
5548.39
3162.05
5551.97
3115.27
5403.83
3189.64
5305.69
3198.17
5271.41
3161.35
5149.29
3206.70
5228.85
3203.08
5155.47
3195.81
5045.34
3232.53
4991.17
3212.60
5104.16
3258.38
5190.11
3270.08
5190.69
3233.54
5237.57
3213.63
5327.02
3236.63
5217.65
3289.34
5194.35
3259.61
5130.20
3257.94
5220.57
3288.52
5223.58
3256.82
5199.00
3230.81
5271.50
3243.98
5182.65
3279.99
5241.32
3279.56
5233.14
3251.24
5302.48
3265.33
5305.66
3237.63
5289.32
3212.99
5346.39
3217.07
5357.69
3192.24
5360.11
3166.86
5398.53
3156.79
5345.28
3161.25
5292.39
3166.05
5232.75
3179.48
5275.44
3175.30
5268.14
3152.78
5311.30
3150.64
5315.62
3128.58
5287.74
3115.65
5313.81
3102.14
5331.05
3084.63
5310.03
3069.33
5319.91
3050.27
5269.88
3061.62
5221.37
3071.57
5197.89
3059.11
5176.07
3046.10
5146.70
3038.62
5098.67
3050.82
5109.71
3034.03
5141.14
3029.48
5177.15
3029.64
5202.31
3020.89
5176.21
3013.22
5178.00
2996.10
5205.60
2990.45
5172.83
2989.80
5132.36
2998.02
5112.39
2987.76
5078.76
2989.11
5032.69
3006.18
4991.15
3017.32
5001.49
3003.26
4971.47
3002.17
4944.82
2998.33
4929.39
2987.06
4888.68
2999.57
4938.32
3025.67
4891.00
3048.13
4905.39
3036.77
4945.63
3049.61
4972.08
3047.01
4984.78
3035.40
4942.44
3052.47
4911.86
3054.73
4909.76
3040.76
4918.05
3028.15
4913.16
3014.91
4950.43
3026.99
4945.53
3014.02
4963.79
3007.04
4958.05
2994.56
4954.67
2981.85
4953.34
2969.11
4930.82
2966.52
4953.55
2964.33
4978.85
2964.83
4949.69
2969.78
4964.08
2961.82
4977.15
2953.29
5004.48
2956.93
4999.30
2945.64
4999.63
2933.93
4982.87
2928.41
4971.72
2919.65
4959.30
2911.70
4977.15
2907.55
4980.83
2896.74
4948.57
2909.28
4930.33
2905.88
4966.22
2924.46
4955.01
2916.50
4941.07
2910.27
4911.81
2919.64
4925.64
2913.54
4895.31
2924.83
4862.71
2939.61
4876.59
2933.76
4897.22
2933.66
4907.89
2926.15
4934.17
2932.86
4966.10
2947.73
4999.81
2965.54
4984.97
2960.86
4972.07
2954.99
4956.11
2951.44
4938.81
2949.16
4920.65
2947.79
4890.65
2961.11
4902.57
2955.07
4880.08
2958.57
4896.73
2956.24
4883.62
2951.27
4901.78
2950.59
4872.11
2964.64
4868.94
2955.57
4852.49
2953.61
4828.96
2959.43
4837.41
2952.23
4868.89
2970.31
4869.23
2961.24
4859.29
2955.00
4857.63
2946.16
4867.88
2940.29
4896.54
2954.83
4880.98
2952.98
4876.88
2944.76
4884.87
2937.98
4867.13
2938.59
4842.37
2948.03
