9323
7572
416
9464
2351
9937
4106
9323
3281
1315
4695
8776
7849
4702
2962
4175
1241
977
6443
9232
3688
1901
11
8982
6732
4657
9758
9532
3929
2645
8610
6901
7611
5670
367
1871
4037
631
8252
2294
640
2770
9850
8886
5216
7347
9442
77
4076
1987
9739
5377
3921
9114
385
8468
4775
9255
5490
4325
8771
6047
5510
7819
1937
1855
1296
8136
4772
8289
5618
3308
7191
6590
3754
6061
1468
1486
3366
3453
2797
1208
6015
7750
8202
7341
2931
5334
7634
2257
1490
3295
1985
748
1086
5984
2090
2359
3418
858
9902
112
6373
9091
7722
6319
454
1640
4683
5822
4375
9087
4397
7027
4304
4566
4799
2296
7636
7989
1450
6706
6571
8366
4358
5040
2871
3556
3370
7279
5460
722
2523
9740
3452
3059
933
6821
709
331
6820
7806
6423
8692
9564
9888
2819
3075
2595
2361
2196
361
6714
1439
7461
2851
7736
214
4367
2238
1064
6197
9969
4925
3229
4584
6569
9683
2266
4185
6242
1835
583
-1
