6345.00
0.00
3806.50
2538.50
5728.67
3418.40
4397.25
3752.61
4480.20
3360.53
4335.33
3084.79
4141.86
2895.01
3975.62
2743.52
4589.33
3115.07
4928.40
3125.38
4493.64
3281.80
4338.50
3183.93
4032.54
3237.43
4402.50
3392.88
4359.00
3281.88
4244.12
3208.66
4388.35
3165.86
4578.67
3175.15
4588.11
3090.73
4857.95
3233.96
5093.05
3326.54
4886.91
3384.56
5034.78
3382.05
4974.62
3323.38
4851.64
3311.51
4919.88
3265.08
4918.33
3204.06
4934.96
3147.51
5096.31
3208.44
5119.47
3156.98
5152.94
3111.05
5186.41
3067.72
5141.00
3031.78
5020.29
3066.29
5127.31
3085.92
5124.36
3042.81
5078.03
3014.26
5156.74
3012.62
5152.92
2973.84
5193.07
2947.12
5110.68
2957.23
5012.79
2988.30
4925.09
3007.53
4869.70
2995.26
4781.64
3018.84
4843.13
3014.20
4913.57
3020.00
4832.00
3040.25
4791.39
3022.19
4750.36
3005.57
4764.55
2977.65
4750.88
2950.49
4762.34
2923.69
4793.28
2905.24
4764.15
2886.66
4789.96
2867.17
4756.28
2853.06
4710.14
2849.73
4732.17
2830.46
4701.38
2816.72
4730.07
2802.35
4741.60
2781.12
4735.86
2759.33
4807.58
2796.25
4831.89
2781.46
4894.91
2806.68
4837.72
2824.14
4906.03
2858.52
4932.74
2846.27
4862.57
2885.35
4890.89
2874.73
4955.89
2906.77
4967.27
2888.41
4971.84
2869.09
5027.13
2889.32
5038.37
2871.90
5052.51
2855.85
4995.08
2881.89
4942.58
2900.88
4895.88
2912.43
4856.01
2916.27
4889.29
2913.87
4895.18
2896.75
4904.37
2880.68
4956.79
2903.70
4947.73
2887.98
4891.08
2919.00
4848.89
2928.93
4820.28
2924.76
4875.61
2954.94
4857.07
2943.92
4855.99
2927.89
4874.97
2917.79
4853.03
2909.93
4866.16
2897.37
4878.35
2884.69
4911.25
2887.82
4866.71
2906.34
4893.63
2903.87
4849.59
2922.35
4898.89
2949.34
4890.19
2936.15
4873.20
2926.89
4890.63
2918.15
4921.57
2921.32
4932.34
2909.60
4960.62
2910.57
4924.33
2921.27
4925.83
2907.88
4925.99
2894.63
4950.69
2893.19
4933.46
2885.97
4942.41
2874.73
4983.50
2895.24
4957.92
2895.53
4948.38
2884.84
4974.40
2886.12
4971.15
2874.08
5009.93
2892.82
5047.24
2909.35
5011.47
2923.68
5047.34
2938.28
5054.48
2927.37
5022.42
2937.14
5058.83
2953.34
5062.64
2941.90
5033.78
2948.16
5032.18
2936.67
5065.58
2949.58
5082.61
2944.57
5117.02
2959.42
5152.39
2975.87
5176.96
2978.07
5179.88
2967.13
5177.70
2956.23
5208.84
2967.47
5230.78
2967.67
5204.32
2973.08
5192.97
2965.36
