6345
1268
9573
403
4812
3611
2981
2812
9499
7980
146
2632
361
9212
3750
2521
6696
7814
4758
9985
9795
558
8288
3591
1900
6626
4878
5384
9614
5791
6157
6224
3688
1037
8766
5021
3410
8069
5008
6759
1815
999
1242
2488
907
7610
8154
998
2842
2740
5474
4054
5358
6433
3191
6210
2870
2080
6010
2885
6451
5445
4380
9326
6388
8991
1063
9483
6749
21
6873
9571
5787
5305
9119
5881
6127
573
848
1206
1667
7585
5378
5667
9360
4178
19
1178
2303
9800
3188
4758
6621
2813
6100
6037
8069
547
7531
490
9829
4011
3141
6685
8140
6063
7958
1042
5088
4943
7668
3020
5945
9627
2042
3851
7993
4591
9586
9487
719
9387
5926
1079
9574
5539
1397
4829
9341
7279
9590
9787
8420
5568
4886
9412
8215
1579
3627
-1
