6
38
33
58
12
9
63
12
89
0
59
71
3
38
17
67
74
16
13
43
84
48
15
70
24
57
18
81
62
53
86
42
30
62
62
1
71
51
19
48
6
42
27
9
20
57
22
80
42
88
100
36
63
96
89
83
58
100
80
49
18
14
40
84
23
17
84
30
54
85
71
59
97
18
1
60
96
99
66
33
67
83
13
29
93
31
9
30
70
20
78
73
49
20
21
19
87
63
40
7
64
52
36
88
96
26
15
28
86
72
21
85
98
32
72
37
38
20
74
57
24
11
17
25
24
84
31
19
65
67
44
98
12
58
23
87
86
0
14
32
86
44
88
99
93
88
44
77
78
0
89
15
81
89
3
76
69
85
69
41
82
96
15
83
1
84
58
63
76
3
31
5
55
7
48
60
70
64
14
90
38
90
46
22
82
48
29
51
96
6
75
49
98
58
47
62
23
98
0
45
9
51
91
36
40
61
85
54
62
23
64
34
11
53
53
85
9
80
1
7
66
91
60
3
93
63
35
35
36
32
45
11
44
72
90
31
47
86
8
16
13
19
34
82
36
5
31
42
90
5
52
100
4
65
33
61
49
70
70
57
78
1
97
98
16
13
82
59
91
93
72
13
31
86
1
99
56
51
43
56
21
29
49
90
91
72
68
47
43
79
25
20
56
29
76
21
97
51
30
100
66
89
88
11
12
73
27
14
35
0
48
58
100
3
25
34
80
0
14
95
12
39
20
28
64
2
56
40
57
9
1
14
39
68
96
26
50
71
86
91
15
75
16
24
42
96
88
81
73
79
76
43
68
25
91
59
12
95
27
22
29
52
9
19
94
53
26
29
7
94
9
32
12
27
44
56
99
61
38
8
16
75
65
98
86
92
25
45
22
31
69
16
79
45
33
16
25
44
74
89
83
75
62
42
56
31
0
53
67
21
19
55
58
87
51
26
53
93
89
46
5
44
3
13
65
0
23
92
85
99
58
60
28
75
69
77
29
18
53
80
75
15
61
64
74
96
87
62
59
10
