87
52
87
17
47
59
20
100
53
38
41
7
69
51
95
54
6
89
62
35
15
23
69
80
37
92
36
99
42
46
26
64
39
58
100
86
15
7
18
83
98
43
77
60
56
12
1
73
1
61
34
4
65
41
29
60
79
65
69
59
93
94
72
91
27
92
98
4
47
29
62
82
54
99
7
96
20
60
25
72
98
56
53
42
50
29
80
78
71
71
51
4
44
78
89
87
53
76
88
43
47
7
83
37
38
31
42
41
38
51
99
44
79
27
28
20
1
48
59
51
3
38
75
57
65
63
3
34
28
46
69
41
11
8
30
32
81
53
20
41
8
71
7
20
47
45
27
89
13
68
39
47
82
55
14
79
34
40
79
59
88
34
3
66
7
4
5
23
38
14
9
68
49
85
66
40
34
37
88
84
27
93
11
32
73
88
58
3
1
45
89
27
58
32
17
91
1
50
35
54
28
79
96
68
25
96
33
83
54
48
52
30
34
99
98
77
84
48
44
51
93
89
74
91
77
80
16
0
53
54
71
56
98
34
70
46
11
53
95
38
35
91
58
74
2
18
24
38
11
77
60
88
30
6
14
82
1
34
66
63
14
60
95
64
1
94
93
94
99
56
19
29
65
59
26
92
74
93
12
28
39
37
71
41
88
14
73
27
70
51
9
90
28
52
19
98
83
88
89
9
13
93
37
76
53
77
75
44
73
28
69
14
30
65
35
18
42
75
48
76
30
63
71
0
32
51
63
16
80
60
7
54
88
94
67
93
28
84
21
8
30
46
81
88
92
83
31
17
85
30
56
2
4
23
47
38
1
68
31
84
68
74
57
93
28
43
93
47
53
9
41
96
42
56
63
39
9
94
72
0
46
34
60
77
22
27
5
19
24
22
57
24
70
54
45
41
83
49
18
47
31
16
20
13
56
11
66
78
24
31
68
72
57
53
25
0
71
75
35
66
38
100
54
12
4
78
51
56
89
87
72
3
27
87
61
35
84
51
72
75
45
20
85
34
60
19
71
89
100
20
11
87
64
33
0
7
19
28
97
20
92
34
22
99
11
83
52
28
85
55
66
98
51
7
56
59
47
63
62
82
82
99
38
66
38
15
79
14
70
5
57
26
30
23
53
21
14
89
65
58
2
32
0
97
8
9
16
34
59
43
0
33
72
9
38
82
29
80
82
21
97
81
91
48
39
16
62
100
50
66
75
60
79
95
30
82
21
0
48
80
31
95
57
65
70
96
12
78
83
40
27
46
41
91
89
60
56
11
55
37
91
18
58
91
19
78
80
98
13
72
18
84
26
15
20
91
40
53
4
57
14
68
25
51
92
31
14
18
39
82
19
68
100
3
33
82
40
21
70
98
30
7
77
51
18
46
90
100
26
58
83
44
50
31
60
29
54
60
79
71
55
4
88
61
41
7
4
57
42
19
28
54
87
25
77
75
93
32
1
40
61
40
41
25
89
95
36
45
97
81
70
92
1
40
73
53
51
21
13
30
68
41
84
65
32
21
71
73
71
27
88
20
69
78
11
75
61
50
93
76
87
98
36
95
63
19
95
97
98
28
86
18
77
34
19
45
95
18
11
88
11
18
73
54
26
57
61
16
48
84
0
73
43
71
17
56
30
15
6
0
98
12
23
8
59
34
98
26
22
99
3
92
31
71
48
0
19
82
52
48
2
69
72
1
22
97
78
73
56
41
12
92
29
44
7
44
27
14
25
40
54
0
84
14
13
99
41
13
58
8
18
14
61
82
14
11
78
51
88
6
51
77
21
77
34
6
18
41
29
79
98
61
64
79
74
4
75
7
94
59
13
3
20
77
1
80
64
31
42
82
70
1
11
83
82
88
69
83
8
4
7
71
38
78
13
80
90
34
39
52
65
32
33
14
82
75
32
55
13
6
92
90
76
32
17
8
68
76
16
53
96
27
85
65
37
70
84
1
11
22
43
5
40
40
35
23
19
88
62
86
1
4
77
19
27
26
7
40
26
30
85
72
49
82
15
89
12
19
82
50
15
49
66
37
66
57
23
9
24
49
82
74
83
59
9
64
0
49
65
100
40
63
63
53
6
23
94
51
94
18
48
55
40
57
61
71
50
97
12
11
74
91
19
40
18
8
84
98
4
75
93
24
32
50
24
13
98
16
95
57
26
66
32
14
69
1
16
25
5
57
12
31
19
39
100
6
65
75
25
7
77
88
90
61
60
10
