59
48
30
97
81
98
53
97
47
75
55
77
29
90
97
88
36
37
36
93
91
34
86
73
80
34
97
32
8
57
51
56
44
23
69
44
9
40
90
89
60
59
73
37
48
42
94
24
45
7
86
40
98
47
36
34
31
55
16
32
95
74
6
95
76
95
42
54
34
45
45
99
45
67
26
55
39
57
99
33
2
55
48
13
91
77
53
60
14
65
96
69
66
18
27
28
77
70
45
86
84
85
24
15
38
13
74
82
88
63
65
3
45
40
93
87
11
46
86
62
52
17
34
78
47
77
41
47
35
85
20
36
72
66
73
37
38
59
56
8
70
61
49
32
12
84
97
83
74
27
91
38
74
83
25
28
2
73
16
16
91
50
42
25
34
9
98
1
63
67
93
45
39
67
4
79
66
90
96
77
85
58
69
52
86
22
76
96
81
41
26
81
70
4
56
7
15
25
65
74
58
44
8
3
70
72
30
58
13
11
88
72
50
87
69
0
27
73
34
95
39
39
60
11
28
45
71
4
85
89
29
26
45
48
37
12
86
36
28
2
55
94
68
99
19
46
58
40
36
44
6
12
13
69
53
91
63
91
42
42
68
73
71
98
77
82
6
2
5
69
21
82
58
96
80
65
64
76
88
13
66
17
11
34
47
43
48
42
47
33
8
55
98
17
75
74
55
92
7
48
70
84
0
58
2
68
46
86
59
30
44
41
46
28
94
38
0
12
18
85
29
15
70
62
14
99
25
94
27
27
5
6
94
87
88
79
58
20
37
63
20
96
39
12
82
24
77
11
31
85
93
46
60
48
88
6
79
65
52
22
12
4
79
99
52
49
82
14
9
17
67
98
32
42
24
50
11
19
88
20
97
95
71
97
32
43
64
30
71
93
5
2
56
75
46
56
26
82
20
75
33
66
88
60
7
60
36
40
73
62
1
91
29
2
7
46
40
78
16
93
11
22
71
12
78
96
65
39
68
49
51
13
33
82
16
45
84
56
33
0
92
59
6
35
86
44
17
33
100
11
36
80
56
28
0
17
74
31
40
35
4
8
73
35
52
33
93
6
82
30
79
98
64
52
25
59
24
51
16
26
46
35
82
29
82
6
14
44
28
86
86
14
80
66
26
60
89
32
34
53
23
9
86
100
67
90
25
27
83
76
81
67
90
87
47
61
52
16
91
72
8
62
1
50
52
36
14
90
61
39
86
78
70
92
20
69
49
10
