68
13
48
18
93
11
4
32
50
26
78
37
48
16
62
22
29
27
8
98
90
89
100
29
11
56
70
76
48
27
76
21
51
24
12
9
78
41
67
53
80
71
59
62
74
52
19
16
31
88
68
4
75
95
69
26
23
50
24
51
69
38
61
70
73
9
94
78
81
96
65
76
12
88
57
43
100
31
37
28
18
4
35
92
18
55
62
90
48
94
94
92
97
60
31
80
48
44
80
57
65
51
50
44
74
50
20
22
11
73
3
0
49
68
53
95
90
94
88
76
68
68
74
45
48
82
15
29
28
30
52
32
6
34
95
16
6
19
97
76
39
54
12
62
52
22
3
21
32
34
8
43
89
42
65
33
13
37
38
58
20
6
86
15
35
84
2
95
57
88
2
89
3
90
54
13
5
23
34
75
42
79
79
6
15
50
87
12
75
64
38
45
94
27
38
52
37
87
3
7
47
28
26
44
57
4
91
16
9
63
81
4
60
7
90
9
58
13
89
83
47
31
49
49
44
84
87
1
8
6
72
47
65
9
31
9
49
91
22
12
87
20
97
74
11
15
89
55
77
43
100
67
71
97
28
64
93
42
29
12
19
80
97
49
87
50
38
63
49
63
73
60
40
99
37
83
67
1
95
61
68
53
80
36
9
59
1
17
45
8
63
48
61
11
38
88
63
35
45
64
87
29
0
58
15
11
15
2
48
5
20
33
96
41
50
98
60
43
59
68
81
5
31
48
34
89
29
8
19
59
18
90
5
93
80
91
0
18
95
55
6
55
92
13
5
25
59
38
39
83
7
56
13
79
15
1
88
27
93
52
62
47
67
40
97
93
97
92
66
38
35
31
72
49
51
26
15
27
20
35
74
94
40
25
56
38
3
19
7
87
54
9
85
5
5
97
99
39
76
76
54
99
65
73
27
87
99
85
66
53
39
82
50
6
76
53
63
71
18
41
26
81
0
38
57
3
15
30
89
12
57
37
50
43
69
13
75
78
59
66
34
77
14
16
36
70
37
27
0
98
78
0
25
61
39
39
50
96
1
80
98
54
37
1
26
67
47
42
31
48
78
32
70
52
0
50
39
60
88
43
58
13
57
64
88
30
86
24
15
0
72
28
38
20
11
22
77
34
56
58
20
1
32
22
49
77
67
3
21
89
98
80
80
15
87
36
37
46
64
71
42
12
47
21
28
26
48
54
70
7
54
20
3
47
100
15
2
30
52
53
70
69
44
36
93
91
63
19
98
8
16
73
98
6
66
54
50
23
47
91
33
81
16
87
40
94
47
95
89
17
59
45
8
69
82
17
44
73
13
20
99
19
75
94
9
5
88
17
9
9
32
12
24
75
81
33
69
54
82
88
50
98
33
62
33
37
99
36
65
47
44
19
52
71
30
11
3
39
66
0
84
96
62
60
29
49
99
96
98
45
40
100
65
17
53
85
19
54
35
31
56
96
34
64
56
32
45
50
32
81
68
1
14
90
41
43
68
48
99
13
15
53
100
91
52
54
46
38
50
24
43
98
62
26
2
89
68
77
16
31
32
95
45
99
78
46
36
50
24
55
74
33
30
9
69
26
62
76
35
72
28
56
4
99
79
87
68
73
61
86
25
91
93
40
54
55
42
68
96
25
61
83
52
87
19
31
64
49
20
56
65
98
31
21
83
38
64
66
52
19
42
18
88
59
71
45
42
83
1
18
5
88
64
72
28
71
34
61
58
82
59
37
76
69
48
16
62
93
11
32
85
6
49
83
65
12
21
93
25
73
90
15
84
22
97
92
98
85
91
97
56
94
5
82
19
16
19
11
17
79
73
84
8
3
9
34
77
20
82
15
81
93
48
83
95
0
51
55
22
44
46
9
16
77
8
64
77
5
84
72
13
36
29
22
72
65
77
58
49
13
17
83
30
99
63
37
74
8
57
46
53
15
35
46
89
66
37
46
25
4
94
7
0
19
37
83
63
26
64
100
91
71
47
75
49
51
91
66
67
10
