63
40
90
12
22
30
54
89
87
97
41
64
68
31
7
60
77
26
18
58
61
94
35
50
63
61
48
24
6
98
9
47
65
62
7
6
12
87
21
6
81
16
100
35
41
36
87
2
80
31
32
55
2
31
19
37
95
83
70
46
26
16
14
26
99
31
76
54
96
96
23
96
62
43
77
57
64
71
8
36
98
11
17
77
35
38
66
78
31
48
94
15
98
76
56
82
95
0
9
64
89
81
48
66
48
22
54
60
97
7
33
66
17
38
93
78
73
62
27
67
11
14
89
39
99
80
58
25
45
1
63
38
54
13
24
62
72
91
61
5
20
9
75
4
91
57
45
71
40
26
5
18
15
95
32
90
63
7
50
71
87
96
70
24
52
12
49
12
4
79
71
43
69
41
76
6
68
84
2
62
73
78
42
5
100
84
81
62
99
46
72
18
50
12
91
71
26
33
48
39
81
27
6
92
11
96
10
