76
17
21
50
7
52
72
19
64
76
65
14
75
80
87
24
60
32
77
7
16
13
90
77
31
31
90
12
77
29
60
27
78
13
13
68
67
39
69
67
88
73
7
46
18
3
32
64
97
2
24
70
53
2
45
63
93
47
87
96
75
62
98
31
60
13
6
43
81
12
78
9
53
94
19
65
58
44
94
23
83
76
92
63
60
3
83
44
23
39
19
6
59
43
57
52
97
48
90
42
57
22
3
70
85
63
73
64
43
58
64
62
48
0
45
15
67
18
42
68
19
34
66
52
79
20
70
4
19
75
99
34
11
2
17
95
43
29
46
47
73
25
7
33
60
86
71
55
94
96
32
22
58
9
23
74
64
99
68
81
91
19
13
29
48
79
48
79
45
28
37
83
89
19
80
60
44
26
57
83
23
32
92
67
21
89
42
69
26
44
39
78
20
91
69
84
20
89
96
60
70
33
27
63
68
75
64
68
16
11
76
23
94
48
43
16
71
13
26
66
77
90
78
26
54
17
33
5
71
13
70
62
100
82
25
20
42
18
65
13
67
99
68
6
27
92
34
43
53
16
48
5
82
44
48
35
52
68
52
50
33
50
95
13
52
19
18
24
94
44
73
41
90
24
49
37
87
79
51
86
100
14
38
77
92
55
8
90
54
32
4
59
76
60
50
70
88
88
60
36
37
75
73
46
93
36
36
74
94
19
40
23
41
55
100
91
56
56
90
31
94
96
83
22
5
9
71
15
62
42
63
88
53
95
53
58
23
82
29
38
29
33
3
39
80
64
80
51
57
25
5
6
22
44
30
15
39
83
59
45
18
35
70
70
1
74
87
78
31
69
71
62
56
56
8
76
14
83
86
40
1
9
27
86
98
61
26
88
64
93
47
6
3
80
58
62
4
91
8
42
95
69
12
83
4
1
60
9
71
42
38
45
31
30
35
94
1
15
98
17
13
44
79
41
15
19
85
58
48
64
11
77
55
31
24
51
36
14
99
23
73
29
64
25
40
38
48
30
24
71
50
26
73
43
11
27
62
4
41
7
97
85
15
51
85
18
52
24
47
17
34
89
36
59
90
0
42
62
89
4
7
88
57
59
5
3
69
91
22
26
93
52
65
8
76
45
85
18
9
90
53
49
18
66
58
5
80
3
29
34
43
95
36
0
24
24
33
65
79
71
80
30
7
47
28
67
55
20
80
61
96
44
14
90
90
37
14
18
85
33
57
8
95
64
76
27
48
54
64
42
73
45
92
19
36
67
91
12
98
52
85
9
89
20
41
63
98
8
46
0
5
32
43
32
64
39
56
20
2
80
30
79
73
97
61
1
75
46
75
90
32
22
78
100
14
54
70
55
76
100
25
60
79
88
32
35
67
20
12
21
69
57
85
72
4
53
68
37
71
99
85
38
70
77
90
66
13
93
13
21
96
77
8
4
89
31
87
34
9
67
21
24
80
91
51
22
66
90
48
37
32
21
66
7
94
28
21
25
48
71
57
79
52
54
39
28
54
42
87
59
54
1
63
62
83
38
39
7
87
35
86
100
19
83
100
37
89
84
87
98
68
16
27
27
99
20
62
72
92
16
31
1
97
21
60
53
23
81
33
44
19
61
55
67
77
26
77
90
32
20
7
17
56
27
50
14
17
3
46
76
15
19
44
73
99
14
89
90
47
68
54
57
22
53
85
44
53
6
18
93
67
14
21
45
70
82
16
97
37
78
89
32
46
51
42
78
59
6
75
92
13
47
79
57
69
23
20
72
70
74
56
21
14
29
89
9
60
99
44
82
45
96
13
87
41
53
73
44
81
48
70
52
92
52
56
11
31
33
12
58
47
85
78
28
36
60
79
99
1
68
74
40
30
83
81
14
15
98
44
22
18
26
47
31
74
83
44
70
4
93
37
57
43
68
13
72
23
50
73
100
56
1
68
25
8
30
64
28
22
86
79
96
11
14
22
48
24
33
72
96
29
32
90
72
64
75
75
84
2
31
98
79
6
99
44
64
12
66
28
92
77
16
40
28
13
62
23
62
2
94
56
35
83
56
1
63
23
54
86
84
30
1
33
66
99
68
62
74
78
73
94
4
92
73
100
18
76
65
99
7
24
89
74
0
46
7
36
45
100
74
77
32
73
37
78
5
14
34
89
72
74
72
100
31
75
59
16
16
94
15
31
60
63
92
16
24
93
75
9
62
63
11
39
83
63
18
25
99
63
15
29
10
