88
42
85
44
74
6
75
77
21
73
2
39
36
9
14
9
27
66
90
98
62
100
22
90
7
19
73
65
75
0
11
73
77
20
99
100
15
86
26
39
13
20
83
67
4
93
84
95
26
88
35
74
34
92
14
23
68
77
86
0
59
79
90
90
83
20
41
20
91
48
7
88
35
48
97
5
2
39
69
62
55
72
35
36
96
31
74
1
88
59
72
26
94
35
43
69
74
49
66
72
63
17
40
56
31
5
75
83
55
73
93
82
19
0
2
27
100
90
56
34
91
7
25
18
69
39
94
45
86
62
40
96
68
69
31
14
16
45
81
91
70
7
40
22
91
77
81
5
61
58
23
85
82
53
56
45
47
85
98
20
1
84
52
60
49
19
8
85
9
36
41
83
88
55
78
7
67
13
29
91
100
33
27
33
40
30
42
26
99
36
68
24
19
68
66
6
68
37
73
78
30
59
16
75
100
78
1
12
79
42
94
6
95
2
50
46
40
31
65
89
60
6
61
71
53
85
61
15
51
6
1
82
75
88
49
100
42
61
25
61
36
62
42
24
19
91
27
51
60
18
78
60
91
92
9
1
57
20
67
72
39
5
33
64
59
60
21
98
60
56
68
32
93
42
65
26
43
92
72
69
36
86
78
52
50
17
29
41
73
36
59
79
19
96
79
72
63
34
63
48
86
56
20
1
50
97
51
75
74
22
69
8
70
72
53
71
28
15
61
80
64
56
80
23
12
48
90
83
16
16
48
34
93
91
39
69
55
47
39
80
6
7
88
21
73
40
87
81
19
49
19
48
54
47
53
48
45
84
38
41
95
2
40
79
52
87
51
55
4
17
97
61
93
38
35
31
55
54
37
40
15
95
42
65
44
79
26
59
96
13
19
17
60
60
27
13
34
59
73
80
71
91
12
30
7
79
14
26
84
32
47
4
30
8
91
75
4
83
17
99
77
29
20
3
96
98
40
36
22
32
73
71
0
84
29
70
42
8
15
21
56
67
1
17
37
23
24
98
63
72
12
21
64
85
49
38
97
23
20
61
25
65
96
27
6
84
18
13
25
77
14
4
52
87
20
14
99
69
13
17
30
52
46
72
90
9
41
79
29
41
89
0
89
99
29
59
27
16
47
45
84
41
19
14
15
48
37
48
54
57
47
81
31
14
73
14
59
0
56
46
50
96
35
7
38
36
34
39
27
100
2
52
99
57
44
56
58
99
45
54
91
35
63
8
73
1
55
30
40
12
81
66
17
82
37
41
62
44
90
24
1
93
49
34
40
34
93
82
83
37
63
97
17
91
51
79
40
93
41
61
1
46
52
77
37
69
91
15
72
30
24
20
20
6
78
74
41
53
100
78
29
85
4
85
15
48
37
16
55
66
2
63
7
4
41
87
96
66
85
48
56
57
17
20
73
88
73
93
59
13
2
64
20
87
66
71
31
2
89
25
87
38
78
4
43
85
19
38
17
92
30
64
64
34
80
93
91
13
97
31
1
24
73
53
8
63
49
73
48
94
79
94
39
16
44
20
10
