87
8
53
87
70
14
11
61
16
56
21
63
49
21
33
88
86
3
33
47
11
45
17
50
96
12
72
52
97
3
92
49
63
94
18
88
28
54
57
64
63
21
81
87
42
15
60
49
60
85
77
13
13
62
14
91
0
81
73
71
12
0
3
16
48
57
86
76
36
78
2
23
89
5
40
61
76
52
59
29
48
16
12
69
96
25
99
44
80
56
91
35
88
60
72
97
71
73
49
64
37
58
89
36
57
56
81
4
23
68
40
62
90
85
12
33
55
6
34
76
85
99
14
84
84
80
48
21
99
83
64
82
82
33
50
15
33
33
89
38
19
88
26
6
4
82
45
37
14
96
42
85
90
93
80
25
89
33
46
100
97
37
47
70
71
5
46
74
25
39
48
61
6
96
74
49
59
23
24
57
81
50
91
46
73
14
64
7
80
74
61
59
15
37
84
45
17
51
36
17
92
18
65
40
33
49
72
56
98
16
58
91
62
24
83
22
4
27
47
43
91
66
42
12
68
59
37
3
91
29
56
15
65
21
69
52
6
62
29
61
46
72
86
15
33
32
57
59
34
22
100
37
76
13
21
54
74
27
7
3
69
65
11
72
12
46
93
85
36
89
8
11
13
42
9
68
43
17
56
21
42
67
46
4
59
37
59
59
66
39
48
6
3
12
77
40
19
68
23
56
9
9
80
82
61
32
18
48
95
23
21
55
12
87
53
31
37
80
67
92
76
51
50
75
73
20
72
20
2
99
9
62
76
48
83
13
72
49
31
16
70
5
83
74
49
17
17
61
19
93
27
35
17
8
80
88
5
5
34
19
39
38
29
44
70
53
8
36
40
16
81
42
70
53
55
20
17
34
49
95
5
24
58
2
97
100
54
59
87
11
77
15
33
34
36
71
96
72
26
50
48
69
46
69
82
60
56
24
93
79
50
14
8
96
61
4
26
16
43
95
21
85
35
19
26
17
37
29
67
43
62
89
1
28
47
1
22
81
29
29
55
4
99
89
57
72
24
30
82
7
98
20
71
34
46
4
84
64
11
85
84
87
60
6
57
51
11
80
56
65
80
33
14
100
99
13
3
21
90
76
21
12
84
59
91
7
75
12
100
79
44
77
67
32
1
18
69
100
56
62
18
97
66
71
40
33
84
62
50
52
38
7
94
37
24
42
71
76
25
56
39
46
54
12
77
73
37
18
2
90
20
29
51
0
23
88
81
27
49
51
80
1
2
11
91
16
41
30
66
34
0
55
95
45
41
79
29
93
5
25
42
30
74
68
63
50
95
56
32
84
100
54
6
94
44
70
34
87
84
93
50
57
91
63
27
12
60
80
46
41
91
51
63
85
93
71
55
95
2
97
57
99
66
40
81
40
53
14
26
30
66
57
47
7
65
69
53
11
29
27
81
50
71
16
71
40
18
91
84
38
31
2
49
92
50
88
43
82
23
8
69
47
72
57
83
75
70
23
90
56
26
9
90
17
29
28
84
52
6
74
75
2
89
92
32
17
33
22
85
29
40
92
13
86
98
54
32
85
97
87
41
38
9
66
99
70
0
98
37
66
95
19
63
92
29
42
85
86
78
70
63
86
41
8
98
99
57
7
69
88
53
66
85
50
65
12
61
25
95
26
65
14
80
65
6
41
38
97
27
27
45
58
64
42
50
68
73
8
75
7
36
84
68
47
68
28
16
99
12
59
15
4
74
81
69
27
20
34
76
83
47
23
54
53
91
47
32
47
60
38
12
47
54
51
3
50
61
0
57
71
65
34
92
99
7
57
73
77
69
56
58
95
27
48
33
94
78
21
8
13
90
83
42
0
28
64
40
32
73
58
21
26
28
5
51
21
40
16
18
13
59
72
50
7
14
50
97
34
35
39
55
53
10
