0
15
20
5
85
97
36
56
31
88
1
99
99
21
26
89
48
99
72
14
87
9
65
93
69
76
95
99
18
0
37
24
60
26
4
86
15
8
73
45
72
32
35
44
34
67
59
84
91
80
65
57
30
87
85
14
71
36
36
46
92
8
8
6
55
73
47
68
48
74
63
62
71
80
29
85
11
2
79
29
40
11
31
89
92
23
56
5
78
23
60
31
77
41
65
91
77
24
78
90
64
45
14
24
83
46
28
56
6
25
50
12
97
15
60
36
31
100
6
45
60
35
87
62
34
95
81
12
23
91
59
59
30
70
28
54
62
13
84
98
79
16
48
92
92
100
31
74
40
95
78
80
6
7
7
68
95
49
95
36
41
47
31
69
54
97
1
60
69
74
42
76
32
72
3
41
26
58
46
40
69
74
84
2
42
4
84
22
65
82
65
36
24
83
45
23
0
64
77
54
91
74
37
58
36
89
4
44
16
18
88
18
56
64
58
52
2
40
95
64
30
18
30
100
89
62
54
0
12
49
95
16
68
95
40
30
99
28
46
15
59
25
29
98
71
12
88
44
89
2
14
70
82
50
21
43
52
59
0
66
70
89
92
26
86
34
95
54
60
24
74
69
11
94
0
34
86
44
75
48
29
13
72
7
15
13
59
88
99
8
6
61
31
27
53
81
90
2
33
35
11
95
66
30
50
8
26
67
53
63
43
83
25
97
25
11
8
89
49
75
40
39
11
45
78
28
51
68
12
98
7
35
56
30
59
83
96
59
32
81
87
0
0
80
99
84
100
54
99
12
71
63
13
5
55
67
28
34
8
7
9
92
5
2
96
82
93
89
68
58
62
62
95
77
47
96
12
5
11
72
51
36
4
4
44
15
25
26
26
13
29
78
35
34
95
68
81
95
50
55
1
23
98
83
60
21
44
88
38
75
35
88
23
91
90
6
23
69
28
62
22
46
74
61
20
30
53
76
49
41
43
55
95
55
97
37
24
99
69
0
7
62
94
67
89
14
83
87
45
41
27
93
57
6
15
82
62
97
23
76
21
50
16
89
79
73
12
100
8
29
38
35
89
24
89
68
84
27
37
78
66
99
15
60
8
89
62
77
17
55
81
99
1
15
42
52
2
48
64
12
84
91
34
12
96
54
50
74
91
45
2
95
69
4
71
30
70
76
27
33
67
96
99
38
54
61
15
17
66
86
24
43
59
50
89
86
95
39
50
13
73
91
98
19
64
30
94
42
37
43
79
52
87
22
35
38
59
79
80
28
14
98
33
15
75
2
38
4
91
68
99
20
45
64
31
8
33
74
99
38
63
5
59
36
20
59
22
52
43
2
92
49
86
33
33
95
38
51
42
71
59
51
29
74
57
74
18
33
38
35
31
51
89
70
67
13
43
25
74
59
6
38
8
70
34
60
28
36
50
60
26
85
39
26
36
65
83
68
15
12
97
93
22
33
0
97
76
51
79
74
41
84
9
19
87
85
94
13
53
38
50
64
34
81
22
95
10
