42
62
27
42
81
35
13
30
3
13
26
78
13
76
96
80
86
51
40
40
100
25
78
14
56
73
12
50
12
86
88
60
69
3
13
70
55
96
34
14
7
2
53
79
2
98
21
9
91
62
41
19
14
84
15
39
34
4
13
15
97
36
78
23
4
92
47
28
1
98
32
82
36
38
49
66
76
11
53
44
77
99
13
33
99
90
71
45
27
34
51
13
56
29
56
31
23
33
74
7
23
0
3
1
12
15
49
15
97
5
89
51
57
8
91
22
46
85
14
47
2
62
70
1
48
11
18
45
89
56
16
46
68
48
51
72
52
34
51
50
49
1
28
7
32
91
14
38
73
20
55
80
45
85
30
98
66
38
34
43
82
93
82
68
71
81
46
30
13
96
61
70
79
47
33
1
84
17
84
50
67
45
39
6
20
4
20
45
65
79
57
97
93
27
16
94
100
21
61
1
29
82
83
61
21
11
94
1
42
51
25
69
71
45
6
24
99
49
85
90
46
74
35
0
55
50
1
39
13
12
96
32
77
11
23
6
74
29
31
94
17
51
2
36
83
31
42
76
12
3
92
20
21
61
38
17
84
4
89
63
67
15
52
38
77
18
88
71
87
13
34
49
17
85
70
34
58
32
28
77
18
42
23
34
47
65
41
44
16
4
69
20
2
38
86
22
75
21
25
6
97
62
72
59
65
20
78
79
12
62
88
60
68
65
56
60
68
81
57
87
53
70
74
97
14
12
82
56
42
81
97
73
63
82
23
41
26
66
61
89
77
65
84
4
73
81
28
18
92
25
90
41
60
80
18
92
67
2
91
87
65
21
42
87
72
33
27
28
96
12
54
64
35
68
51
28
69
37
14
31
17
7
3
100
14
79
87
21
17
78
94
11
16
54
13
7
11
17
53
68
69
5
64
25
25
87
84
5
47
15
37
75
33
4
93
35
16
12
6
5
27
38
32
92
25
41
33
74
83
39
91
8
47
38
16
5
11
70
95
83
24
82
12
58
39
94
29
46
99
52
25
79
59
59
24
93
68
57
88
67
78
96
91
16
39
9
64
31
76
74
40
6
82
82
50
14
53
57
90
11
27
51
31
81
34
3
34
29
82
89
65
36
64
51
8
0
48
76
77
97
15
2
13
57
80
15
63
61
33
58
1
82
44
75
96
27
41
36
28
100
78
88
98
73
65
71
76
42
21
50
76
38
83
85
54
46
81
98
65
13
21
48
6
34
74
12
1
24
42
76
43
6
9
67
30
75
16
92
46
81
96
17
31
53
6
11
38
72
81
44
99
68
23
9
6
41
39
45
6
94
16
19
47
92
95
83
21
94
9
44
70
64
79
54
70
30
59
91
52
21
83
72
22
28
20
43
77
95
52
9
71
65
41
79
72
15
87
88
77
3
3
29
46
47
15
94
27
63
9
14
38
86
85
5
48
48
51
19
80
33
23
14
54
20
3
30
51
15
97
65
5
39
68
26
96
35
96
37
99
57
59
29
19
98
37
49
51
4
76
63
58
70
79
37
8
95
85
62
94
95
28
41
66
9
36
64
74
82
63
2
27
67
48
25
2
32
92
22
92
44
71
39
63
59
88
63
52
53
25
42
64
3
36
77
31
71
93
62
8
40
89
34
2
94
9
11
63
67
75
45
42
87
11
29
32
35
69
82
83
9
41
58
3
8
53
4
45
68
51
42
44
51
83
60
51
64
77
98
48
0
0
70
2
35
44
87
94
80
39
8
14
60
35
20
68
64
59
30
31
1
62
18
33
71
75
29
9
22
34
13
81
29
45
6
17
95
40
16
45
1
28
61
32
80
43
73
34
29
75
94
25
44
49
18
36
53
65
37
31
96
56
29
79
34
9
41
20
84
52
42
14
45
43
29
94
74
31
26
84
21
99
19
70
51
41
47
75
15
90
48
89
7
70
14
17
79
71
93
77
6
42
44
42
28
80
52
71
16
26
0
83
91
58
24
67
76
43
76
84
82
30
16
69
72
28
12
5
77
31
90
25
100
97
6
52
64
10
