80
61
75
72
6
68
8
4
65
53
22
16
48
91
76
60
18
80
25
78
77
96
34
57
4
19
15
50
9
30
83
6
81
61
17
28
14
18
14
36
23
86
3
69
80
71
39
70
67
76
49
13
94
96
84
12
88
45
82
4
12
71
40
89
49
79
40
57
49
99
17
12
47
30
75
65
29
63
40
88
80
28
73
3
29
9
78
60
81
25
30
91
67
87
23
92
83
86
25
86
5
53
90
63
59
93
60
81
100
35
54
13
44
12
14
28
21
38
20
83
97
79
82
69
66
96
9
83
42
36
42
1
23
64
90
85
32
25
58
29
74
45
77
45
29
43
24
65
36
96
16
69
17
86
18
31
20
60
100
79
25
20
78
42
46
82
51
73
79
19
98
38
14
98
42
61
48
83
53
100
95
26
12
96
43
98
15
92
50
97
7
6
36
1
42
51
32
18
3
59
78
88
84
68
83
45
87
3
2
4
46
86
91
14
19
94
61
52
75
47
54
85
32
49
74
87
58
19
62
11
59
52
20
9
43
37
87
5
54
44
6
41
23
87
35
72
82
48
51
49
68
83
37
1
75
9
82
25
63
21
40
80
37
71
41
8
55
2
24
29
20
61
21
81
52
78
52
62
39
60
18
74
98
84
33
98
53
28
45
1
89
65
27
12
53
36
13
7
47
51
27
80
52
55
51
44
29
43
40
23
98
62
47
31
43
61
14
79
32
56
75
8
43
59
93
81
97
11
53
24
72
76
51
13
70
69
15
94
52
69
67
43
38
30
100
59
91
15
41
72
50
32
95
7
33
8
97
59
69
52
16
41
17
55
54
8
70
52
46
3
55
100
53
41
17
59
35
61
49
98
42
49
89
85
53
97
6
39
45
65
52
26
44
35
31
35
36
25
22
1
67
7
6
11
20
27
0
45
33
81
83
53
86
54
39
4
0
80
12
31
32
88
27
33
17
24
13
22
74
14
69
75
55
67
69
7
3
3
28
49
32
100
51
70
2
29
13
73
6
57
36
51
100
66
78
79
97
41
9
20
74
25
71
100
14
25
12
3
95
37
57
38
66
11
66
61
89
31
38
4
80
41
52
45
31
58
8
83
90
5
33
41
87
19
3
43
30
20
19
77
97
100
57
98
29
96
11
43
15
74
25
57
23
0
51
48
6
66
23
67
49
41
27
46
9
80
32
49
53
95
34
49
5
90
66
8
21
78
49
74
31
25
29
66
81
24
68
37
94
96
48
22
25
8
87
43
41
71
59
99
8
22
26
100
25
76
16
21
63
46
83
4
16
55
29
5
46
30
88
57
79
5
74
74
73
1
64
11
39
63
28
12
56
45
88
90
55
59
57
31
90
99
84
29
88
89
50
61
71
43
40
11
5
68
8
77
44
19
55
5
47
94
14
37
80
1
80
14
18
98
82
42
81
45
34
68
11
22
24
0
53
24
1
73
90
53
65
3
59
50
35
33
21
78
27
37
4
63
44
87
22
67
1
62
17
4
81
80
38
96
78
6
67
8
50
6
70
45
22
90
63
6
61
98
80
87
28
68
71
34
70
81
53
22
49
36
80
28
60
93
90
50
97
23
36
9
73
40
66
33
43
91
30
21
27
31
30
71
9
77
6
20
82
39
92
43
46
88
49
69
5
3
82
97
73
57
16
7
50
53
82
46
88
5
62
50
37
98
45
70
5
8
29
82
5
96
55
69
79
57
64
40
59
35
33
55
42
72
30
66
56
21
34
10
