50
29
0
95
90
57
43
63
87
6
12
63
44
21
72
0
11
3
50
66
14
38
67
12
40
72
2
75
85
98
45
96
62
84
4
95
32
62
16
36
3
16
4
53
77
51
73
95
54
48
61
8
28
11
34
54
6
22
17
57
67
69
55
30
63
100
92
92
67
12
56
55
100
3
53
12
15
69
57
38
17
65
31
95
60
81
57
80
70
85
31
17
83
9
42
84
53
38
88
68
47
100
66
21
88
85
28
35
3
65
77
41
54
72
87
91
68
88
66
60
26
68
93
22
66
19
21
41
52
72
79
61
92
44
70
40
58
2
80
88
23
85
99
63
22
85
6
37
53
65
49
49
24
74
87
54
42
24
31
35
42
28
71
78
78
11
67
33
36
38
60
80
25
83
27
90
80
56
92
45
4
12
99
28
15
21
43
39
35
51
31
86
88
34
83
87
56
24
4
78
86
24
59
35
69
35
43
34
95
68
74
77
13
75
36
71
65
73
30
95
44
65
78
97
40
58
46
13
1
17
70
72
5
78
42
26
87
62
1
79
91
90
8
39
74
56
15
98
31
35
7
89
56
53
74
25
93
18
59
90
16
38
91
99
6
66
94
2
99
66
96
94
68
83
91
84
99
27
93
40
78
57
59
32
69
33
13
84
18
27
71
54
48
2
70
84
21
58
50
76
99
47
78
28
58
18
58
44
47
2
87
91
98
53
29
54
51
28
6
83
92
96
7
84
55
48
81
5
78
74
95
9
13
63
88
79
68
45
75
30
53
4
25
10
