93
88
79
11
42
32
16
83
84
50
17
52
78
82
67
25
88
25
79
72
46
29
27
46
13
23
69
90
81
45
27
76
6
98
66
58
7
82
44
53
12
59
91
22
25
56
27
84
2
9
45
14
81
83
58
5
91
21
17
45
61
25
1
50
89
24
38
18
62
96
68
25
96
21
93
29
21
0
31
59
71
3
100
43
71
45
85
71
39
96
23
81
73
90
33
62
30
52
34
0
22
9
77
92
56
35
30
86
3
71
87
75
66
23
26
75
79
84
98
17
70
54
56
69
92
72
86
33
41
55
86
8
55
33
63
55
56
100
83
75
78
57
21
68
66
29
49
25
1
58
98
57
20
58
86
41
35
97
70
65
71
74
16
93
71
74
20
86
31
37
100
80
85
71
9
40
11
67
8
79
23
86
66
56
96
54
56
96
67
36
71
76
77
36
99
49
72
37
66
27
38
5
90
41
14
93
44
22
51
28
7
22
26
92
17
12
19
86
96
3
33
16
2
25
48
76
41
71
8
50
95
14
97
46
3
99
93
85
15
17
32
35
13
34
6
18
37
16
3
48
62
93
2
100
99
53
60
87
38
10
