3
14
63
60
16
19
99
59
87
37
21
93
97
43
59
100
85
21
31
66
34
83
95
53
15
6
5
97
15
66
35
47
63
66
49
35
26
47
53
33
96
24
54
15
75
52
62
18
65
86
44
63
35
67
22
87
6
30
20
15
21
25
24
89
87
71
58
1
54
31
21
89
82
34
5
31
27
93
96
91
87
89
99
69
74
63
94
46
47
91
50
57
64
1
26
78
16
25
80
86
51
40
40
47
57
37
28
46
99
73
24
48
26
11
32
64
35
15
87
32
4
21
1
20
14
46
28
38
54
35
78
95
98
65
83
11
53
35
20
24
40
38
48
74
78
7
59
55
26
3
60
19
83
13
35
11
60
27
50
68
72
24
87
24
79
74
38
28
100
15
53
20
94
79
68
18
86
35
51
10
