52
87
15
3
98
96
15
76
30
90
28
62
28
12
33
84
17
15
72
57
43
64
35
2
86
74
83
55
57
32
95
41
26
90
16
3
78
17
74
52
32
47
37
13
57
63
68
39
70
32
49
4
46
72
34
9
85
64
14
62
2
61
69
81
72
24
99
82
98
97
11
0
93
78
80
74
3
0
35
93
0
84
41
87
67
30
93
4
53
87
82
18
96
51
1
63
49
66
28
81
73
45
35
68
68
45
37
81
61
62
42
86
82
87
97
66
75
46
3
98
67
99
93
96
97
68
2
8
47
21
57
46
36
55
75
54
7
95
31
61
39
45
19
60
49
49
41
66
57
70
95
70
99
78
85
31
91
13
58
26
16
100
99
64
83
95
52
85
22
80
53
42
77
75
64
47
86
5
15
59
55
40
32
63
44
26
69
89
91
68
48
16
77
18
75
46
30
66
58
16
45
63
27
88
37
11
30
87
74
17
39
32
42
85
35
46
81
32
15
14
57
66
94
50
56
56
100
56
74
33
83
91
36
14
46
13
38
28
26
0
14
94
0
73
40
91
13
16
78
22
35
69
73
25
5
52
87
9
60
93
14
99
0
6
81
17
4
38
96
70
61
7
83
64
93
41
55
3
99
18
50
58
93
62
25
70
53
84
67
73
27
33
96
13
25
89
73
26
36
75
15
81
86
40
39
30
13
1
79
96
31
86
17
23
66
28
11
21
3
55
54
81
45
94
80
30
44
27
33
49
71
90
71
0
4
27
85
98
29
71
41
96
84
93
32
99
36
3
76
84
40
53
38
76
81
57
18
66
47
51
17
23
46
54
53
41
51
40
89
100
20
93
8
38
36
86
35
80
33
87
90
59
76
32
35
70
94
50
40
12
100
8
11
53
1
38
63
13
33
94
2
96
54
75
40
62
11
70
16
26
9
89
98
92
24
87
98
87
27
15
98
25
62
19
59
11
57
52
38
17
86
81
51
20
60
45
53
11
60
22
12
74
33
54
1
31
23
0
40
75
51
62
91
66
96
46
19
82
31
87
32
93
51
46
57
71
18
80
27
54
12
99
74
55
35
84
93
1
95
32
25
5
49
13
64
79
35
3
90
93
41
50
49
91
41
69
17
66
1
78
71
75
84
29
9
96
97
52
27
60
59
20
44
77
73
21
0
97
20
37
71
60
78
62
60
51
49
49
48
86
26
11
1
32
60
52
17
81
34
29
95
87
60
16
3
0
81
43
18
19
52
73
20
77
51
81
66
29
89
45
14
19
48
26
2
2
65
100
18
11
72
76
38
42
92
34
99
45
65
18
12
52
57
66
46
74
67
69
97
49
55
95
51
56
78
34
49
36
63
43
21
43
30
63
59
2
15
89
83
33
5
72
59
47
48
58
31
83
86
73
93
72
21
13
49
41
56
54
33
1
85
9
24
81
23
73
35
39
35
19
59
67
96
11
24
94
20
20
86
39
54
37
100
91
23
61
22
54
2
69
84
12
2
31
42
45
83
21
56
37
8
67
18
85
31
43
60
41
13
62
25
64
0
46
84
14
94
20
6
74
55
52
94
60
36
36
97
28
96
64
100
48
95
67
8
6
78
19
29
82
43
8
28
5
8
5
14
8
3
31
52
51
92
72
83
92
87
69
81
52
68
11
72
88
38
16
95
82
17
52
27
86
11
77
14
7
81
9
17
59
66
64
36
90
13
4
27
93
55
48
71
59
59
9
97
60
44
5
40
25
72
86
32
73
53
47
26
72
89
56
43
70
64
5
58
9
69
28
15
44
77
73
65
86
45
93
49
90
2
46
55
35
42
66
65
79
33
14
98
75
34
0
92
94
47
46
91
99
91
33
6
56
56
69
89
73
38
18
99
76
19
3
14
64
56
69
98
3
83
56
81
95
37
63
26
27
66
39
72
88
0
15
83
6
98
74
97
55
72
86
48
93
22
98
34
98
71
80
23
71
49
2
63
7
54
42
55
24
85
59
78
98
23
52
17
65
60
84
0
47
77
54
99
17
76
45
3
24
84
47
88
50
12
22
96
32
16
99
92
52
42
23
71
99
40
92
47
77
36
88
54
58
12
0
21
57
4
75
9
64
22
14
54
71
66
48
95
92
55
47
78
26
63
5
69
11
88
98
95
62
62
16
15
55
51
27
14
81
10
