19
39
96
54
20
85
45
75
30
32
40
1
41
21
15
45
96
91
12
52
21
60
25
64
31
96
2
32
49
7
38
37
76
27
21
6
13
74
35
57
66
55
80
37
97
52
76
6
5
27
75
63
65
14
81
57
33
68
66
26
34
49
1
31
4
1
46
54
47
32
37
95
52
72
39
94
98
19
19
96
5
75
44
26
6
32
89
100
97
69
42
57
23
36
71
79
54
1
92
58
93
35
60
9
24
19
51
62
59
95
57
11
84
38
86
15
19
14
57
19
52
96
23
99
77
47
2
78
85
47
96
87
84
1
95
82
68
45
7
49
76
36
26
77
77
79
18
73
56
1
45
98
3
33
41
60
91
26
100
30
31
31
28
2
25
40
53
15
63
18
28
98
58
79
31
73
85
98
54
32
14
80
49
48
93
80
54
54
38
91
70
86
79
13
68
100
83
65
15
90
90
97
60
63
96
85
37
61
73
48
69
83
50
3
92
97
54
15
29
23
91
3
98
49
88
50
20
73
80
4
94
2
31
62
2
50
40
38
18
69
24
20
92
85
28
49
16
7
97
89
91
46
7
65
80
42
13
100
74
84
67
94
86
16
80
73
52
99
46
18
60
8
61
35
67
20
72
99
8
92
77
71
52
56
61
44
47
12
46
84
79
35
83
25
50
11
32
43
7
68
6
95
14
7
77
32
91
86
80
75
9
61
63
74
25
61
25
45
90
37
62
32
100
86
63
92
58
75
94
12
62
63
89
27
41
60
27
68
5
55
17
65
6
72
8
12
85
29
5
3
66
13
68
22
99
25
91
2
93
20
43
7
60
70
14
88
5
68
0
26
0
75
53
85
25
3
95
41
4
6
71
40
26
70
35
65
92
35
66
29
18
52
21
24
74
87
17
72
36
31
82
47
67
8
52
4
44
73
16
40
24
70
0
81
13
62
20
14
13
31
92
58
60
54
86
4
34
84
87
30
44
17
23
73
92
47
84
40
69
27
88
78
12
90
31
78
0
82
51
87
45
13
93
37
45
46
36
14
59
87
3
38
64
47
18
65
36
7
17
75
59
95
18
33
70
37
13
39
59
31
46
6
79
41
57
95
6
25
22
47
48
53
29
17
29
58
19
23
2
60
5
41
93
96
52
6
62
56
23
55
36
63
22
100
23
80
35
30
30
81
91
23
58
10
