60
19
2
56
95
64
43
71
61
43
23
34
18
76
75
92
82
1
78
79
71
94
32
11
60
77
49
48
94
55
88
53
98
6
57
83
60
62
68
39
81
99
21
13
80
45
93
67
80
62
24
91
94
0
7
38
76
28
73
98
62
85
66
45
94
7
89
43
11
2
6
19
18
23
91
29
6
14
91
9
26
65
23
27
80
49
79
64
25
86
68
87
12
30
35
23
30
25
41
51
94
97
46
86
6
47
5
70
81
57
36
11
11
4
88
87
76
69
46
25
49
24
87
56
14
74
84
6
62
78
93
30
59
9
91
39
54
92
0
74
15
86
38
71
36
28
78
91
19
15
25
4
42
45
54
88
8
17
56
59
69
84
71
20
58
38
38
74
38
66
25
54
39
68
79
77
50
13
33
97
73
68
34
37
100
51
18
3
86
1
16
82
98
69
29
63
12
66
80
47
71
31
19
38
65
64
94
36
81
61
4
30
77
42
77
40
90
78
86
78
13
41
31
3
28
28
11
40
18
11
79
14
18
0
65
6
64
41
32
36
71
71
58
12
56
76
44
14
34
43
98
51
95
9
56
85
17
46
59
93
1
89
7
46
0
83
89
27
45
1
74
27
15
35
65
21
56
31
58
74
40
6
67
26
54
35
65
53
46
23
58
22
22
44
7
2
80
61
44
30
5
30
16
92
17
19
15
93
75
89
76
23
23
97
15
95
95
97
95
49
34
80
98
53
28
49
63
29
36
17
27
22
11
30
71
42
48
12
32
11
79
86
98
90
60
78
28
80
5
52
92
66
35
49
59
71
25
15
77
55
6
2
100
67
98
7
0
84
98
55
52
74
77
42
43
6
41
62
84
25
27
76
14
38
51
41
61
79
56
35
71
37
36
5
57
74
70
84
60
58
62
92
28
34
71
0
84
85
2
89
12
47
95
29
3
88
55
12
40
75
65
79
11
12
89
94
43
5
9
49
7
18
3
85
34
42
80
88
36
7
33
66
60
40
14
60
47
92
87
60
2
61
51
67
74
18
18
12
100
5
51
54
5
34
2
61
31
35
92
49
76
87
72
88
38
49
6
18
1
93
44
76
62
33
11
68
21
65
68
85
24
8
11
32
26
68
52
2
25
14
80
21
67
41
52
28
17
87
83
33
63
23
58
3
36
45
83
44
87
87
45
44
21
27
23
36
33
91
13
9
81
15
0
89
2
92
12
31
97
70
23
84
51
25
92
2
54
5
9
16
4
96
59
93
26
98
17
11
55
6
54
73
92
26
75
58
85
44
49
18
48
95
77
92
66
61
47
86
70
99
25
39
5
7
51
30
32
40
59
75
87
83
56
90
32
9
0
26
49
64
75
19
8
100
14
80
23
5
1
15
38
37
72
7
59
2
77
89
88
60
47
74
85
89
9
58
31
62
4
54
81
66
77
56
53
100
54
77
58
63
71
78
60
7
70
4
44
86
81
30
59
87
54
67
9
31
63
4
38
60
16
29
51
2
19
78
5
87
74
51
90
77
3
48
4
13
3
13
19
18
57
23
71
95
85
63
4
26
0
72
97
36
53
97
32
7
83
34
84
24
74
54
1
24
68
12
73
43
77
34
30
19
1
37
37
33
19
94
93
99
13
73
61
24
13
75
89
54
94
46
77
79
46
97
61
19
45
32
16
48
13
41
100
61
46
87
31
8
30
4
58
86
33
50
55
70
35
17
18
89
34
46
64
18
6
55
7
30
3
73
68
5
56
81
94
67
63
59
33
64
54
98
49
52
80
85
32
54
79
35
39
55
77
87
88
63
82
4
96
23
68
21
92
44
32
30
60
2
6
27
91
14
75
55
0
99
26
91
9
75
17
48
8
32
0
87
72
25
3
5
44
81
23
49
75
0
53
37
50
35
85
1
78
59
4
90
3
92
4
43
100
41
68
7
43
31
12
58
40
59
10
