26
82
42
35
97
88
71
45
39
38
17
53
59
38
45
31
98
68
67
61
99
60
31
64
13
29
6
73
90
25
6
26
13
0
18
25
42
53
100
71
97
42
72
73
50
45
54
95
76
48
75
40
1
91
90
63
76
86
79
4
94
22
58
60
33
15
83
24
80
11
78
57
100
43
42
7
73
50
11
12
92
82
94
70
11
3
47
81
14
9
86
66
96
69
90
38
48
59
97
48
12
30
38
83
50
24
55
40
44
51
52
97
60
25
84
23
80
35
94
84
48
49
65
84
7
7
54
4
78
6
60
54
39
73
79
61
24
99
53
84
91
97
14
93
56
80
83
65
59
51
11
69
66
96
4
68
23
1
83
17
27
62
40
0
50
62
30
62
2
28
11
24
44
50
40
49
87
3
99
15
72
45
57
100
44
28
61
41
56
46
43
82
5
61
33
27
90
15
56
80
16
33
59
72
28
20
20
62
65
60
85
42
2
12
38
93
58
39
59
13
8
11
33
34
11
8
51
84
77
32
20
29
20
90
58
89
6
76
88
14
100
75
21
33
51
78
88
27
37
54
60
18
93
11
74
100
100
3
65
3
25
9
31
26
52
35
94
27
66
12
72
59
60
16
72
83
8
87
9
73
33
95
90
3
79
98
39
2
84
82
27
26
13
82
98
40
40
92
36
99
90
45
79
25
78
9
68
61
80
28
61
94
43
95
2
95
59
41
16
87
90
47
54
78
84
17
18
58
68
58
53
96
73
4
12
63
3
72
15
43
72
56
77
32
41
11
26
30
70
79
9
57
54
82
11
57
39
49
31
98
52
69
52
67
96
71
38
48
91
52
44
66
73
24
64
70
19
74
53
52
81
97
4
69
31
85
70
5
20
26
20
18
19
16
87
88
69
7
27
4
65
66
67
32
39
42
18
83
11
52
39
2
66
54
79
65
83
92
91
71
99
76
66
0
53
40
29
93
90
75
87
64
26
34
23
13
23
1
48
28
70
42
37
30
7
44
30
89
79
93
55
36
84
90
72
12
45
65
62
50
14
50
96
85
62
19
45
31
64
75
76
73
60
97
59
30
17
42
77
17
100
82
59
94
17
74
70
99
68
82
69
51
54
22
45
55
20
69
53
57
14
77
57
99
78
21
61
38
2
22
16
60
53
35
49
90
85
41
28
87
77
38
100
17
15
57
84
70
92
35
86
54
84
44
76
49
10
