1
9
25
13
40
64
22
68
32
3
64
91
100
4
36
65
35
55
49
25
21
91
53
7
9
93
49
94
51
0
22
4
71
66
17
13
93
52
87
5
82
2
9
25
50
100
73
55
32
55
6
39
92
5
16
38
62
34
87
35
96
0
91
43
15
19
70
82
94
16
32
68
87
25
37
79
70
16
78
78
14
30
9
100
85
80
92
72
0
38
25
18
66
63
68
93
78
16
25
60
51
6
35
22
6
32
53
93
84
16
17
51
38
28
77
45
26
76
20
44
85
1
77
60
5
82
6
73
33
74
69
94
67
92
77
40
77
68
93
14
9
82
60
82
93
42
64
19
47
81
81
17
36
64
8
96
3
29
84
39
61
89
33
82
50
54
58
82
2
18
51
46
1
48
62
24
54
32
77
11
86
78
28
54
18
77
87
45
24
74
72
34
74
81
76
82
31
54
14
45
48
79
89
83
67
0
51
60
17
71
35
29
47
45
48
95
3
64
97
7
78
27
77
20
2
23
26
0
35
71
86
83
73
5
11
9
50
14
55
22
88
81
29
28
78
15
15
8
35
55
97
48
63
1
53
73
52
88
55
63
96
81
76
86
37
65
22
59
69
5
76
17
8
29
92
87
3
90
88
51
47
1
85
50
9
23
46
25
31
53
27
70
37
88
26
22
68
31
65
77
57
2
71
49
18
80
86
43
50
82
22
44
88
70
78
78
4
99
4
50
69
63
75
47
51
57
86
35
44
77
23
95
41
19
96
96
87
71
71
50
65
93
67
44
48
76
73
90
73
73
84
34
20
56
63
51
25
80
60
96
18
84
15
74
38
32
45
49
92
80
57
100
73
37
3
18
52
53
62
79
78
82
28
84
89
68
13
68
39
6
39
99
68
45
94
88
75
91
22
70
74
18
47
92
67
77
80
88
8
14
20
76
8
4
82
85
25
70
4
33
92
37
56
19
13
68
50
77
57
35
14
69
14
75
66
80
43
14
36
84
73
6
72
23
83
28
38
30
69
60
17
2
37
5
37
68
74
100
12
23
11
83
11
79
34
82
25
40
32
90
46
90
78
79
14
0
0
2
45
56
70
4
75
17
25
56
52
24
65
29
80
13
37
94
47
23
27
1
77
27
16
94
94
75
74
74
50
10
