52
42
44
65
62
62
40
11
91
38
65
31
56
43
33
25
50
5
19
3
21
2
78
74
56
51
64
11
79
4
77
30
97
69
88
70
94
28
89
5
92
42
9
12
44
61
87
70
100
19
19
88
57
73
24
85
64
97
49
23
90
2
97
37
22
27
76
89
90
37
16
92
25
27
28
21
78
78
43
13
92
61
96
23
11
75
0
23
38
2
91
22
59
72
47
60
0
85
91
9
36
28
73
65
53
18
79
94
86
37
96
16
95
27
86
18
44
85
86
26
74
42
8
67
43
96
5
40
95
60
64
21
7
61
88
6
0
59
89
57
99
55
78
94
60
93
41
83
58
38
16
2
63
24
76
39
30
71
93
45
14
22
67
32
38
42
21
35
6
8
22
67
44
31
3
26
96
34
19
64
88
57
52
80
36
6
74
0
17
100
4
55
13
47
28
9
53
26
65
33
3
66
93
65
35
54
30
60
98
91
15
48
69
79
87
45
0
51
4
72
85
60
49
57
24
71
22
13
17
21
24
53
23
43
65
33
89
5
85
18
99
88
69
4
36
47
99
13
100
12
55
10
