15
52
52
73
49
75
68
11
94
4
49
95
69
87
31
99
18
96
44
82
100
51
56
15
49
9
45
60
83
44
94
33
4
97
49
69
79
71
61
73
86
88
52
78
38
87
51
18
19
8
70
65
42
98
66
72
82
92
32
96
71
12
1
84
41
64
73
53
75
50
3
57
85
9
13
7
20
99
12
17
77
18
94
8
20
79
62
38
81
87
36
80
92
2
34
0
81
37
4
24
47
6
7
85
85
46
81
37
41
30
42
31
65
63
17
14
49
12
6
37
12
70
51
60
43
51
97
63
64
54
95
34
87
82
5
97
98
95
4
7
30
97
65
81
95
83
100
68
98
42
26
92
20
36
72
99
59
0
7
23
14
18
42
30
55
92
52
61
65
83
38
84
61
72
64
85
50
71
55
28
39
78
0
42
5
40
75
46
78
99
73
38
36
13
29
33
28
88
86
53
29
89
35
77
6
62
7
24
6
38
59
26
27
68
41
47
89
91
50
33
79
86
52
11
29
13
52
47
0
37
23
59
72
46
31
81
73
0
89
81
38
83
8
37
15
94
18
0
33
33
65
14
39
100
28
59
40
88
15
19
27
7
74
34
40
49
4
0
57
37
72
99
74
57
22
83
58
79
7
9
92
49
64
95
12
99
67
5
54
90
24
87
18
31
23
79
49
74
21
63
69
0
23
72
34
63
24
31
48
63
44
4
64
79
28
98
68
40
27
74
50
91
70
17
47
37
46
82
64
93
35
3
33
47
75
3
36
99
70
34
59
57
41
71
51
25
97
20
3
9
63
93
54
42
34
14
37
69
11
68
49
81
11
78
72
100
12
99
37
72
68
94
24
51
88
94
60
38
51
11
22
46
68
25
11
89
39
15
26
68
5
34
28
76
74
62
56
98
65
7
66
12
5
6
91
36
13
58
25
62
99
72
60
85
73
71
94
89
59
88
5
86
13
86
98
12
72
55
52
23
90
28
86
50
67
49
37
15
32
2
78
89
2
30
3
32
53
81
99
27
65
91
99
37
53
86
7
11
45
75
6
94
50
25
74
40
60
99
36
18
9
4
86
72
1
62
80
50
6
47
9
39
53
93
54
68
22
26
73
81
61
27
21
9
21
77
61
2
40
75
42
59
76
43
62
57
82
32
74
51
76
60
67
33
45
87
23
42
53
92
97
73
46
9
68
79
26
39
91
8
69
3
89
86
99
2
8
9
52
42
85
76
50
36
42
61
42
48
79
54
24
32
54
5
12
96
63
95
76
0
59
45
67
54
4
51
28
2
63
44
65
54
63
40
40
73
24
45
7
46
59
41
81
74
37
98
9
32
27
100
95
65
55
17
74
99
25
58
64
52
60
36
76
48
68
30
64
74
99
11
43
0
77
4
64
98
75
9
21
92
81
49
13
75
66
39
95
23
68
47
26
38
46
15
41
2
82
53
42
99
77
88
3
51
39
34
72
98
64
35
15
37
56
73
28
11
12
93
8
86
38
52
47
88
66
28
82
82
36
88
18
28
13
74
12
94
27
25
34
14
51
62
11
12
30
36
23
80
14
20
73
2
15
69
67
66
94
52
31
71
13
16
63
84
31
45
43
61
35
9
56
67
38
47
71
75
51
44
69
33
13
22
14
89
43
69
79
83
41
87
26
28
95
11
74
65
59
9
98
51
89
46
29
75
27
68
38
24
69
28
60
5
66
43
65
86
33
85
40
100
90
54
53
42
4
1
16
30
52
65
22
8
62
5
59
34
99
81
3
19
89
15
67
74
34
52
100
56
39
89
89
43
55
49
64
42
33
45
59
18
60
3
12
23
39
65
62
34
28
37
34
86
77
53
67
26
15
24
61
68
0
4
1
44
22
9
55
30
3
43
16
96
0
62
36
45
5
98
9
68
61
46
37
96
46
75
13
57
12
9
19
15
69
98
14
40
36
20
79
25
100
83
66
15
32
86
38
72
44
2
50
50
18
83
13
60
39
95
42
17
56
24
98
35
25
40
69
86
47
3
36
1
31
75
31
87
27
7
15
93
55
63
63
39
100
10
