39
92
97
89
74
21
82
39
43
84
72
13
16
48
74
66
52
40
82
40
79
96
39
38
69
71
27
83
28
16
65
4
78
15
45
27
15
25
69
90
58
78
16
52
70
94
14
42
55
61
61
66
28
4
1
48
42
74
18
0
71
99
27
75
51
22
7
68
54
17
37
27
100
20
13
91
16
32
79
67
57
65
34
57
41
13
55
45
76
79
83
88
71
84
3
20
94
73
77
20
95
82
44
78
8
60
92
57
18
4
83
35
68
53
28
62
72
56
72
31
62
41
93
72
48
11
56
59
40
70
27
41
9
46
47
81
20
4
36
14
14
62
52
20
92
85
68
79
87
81
8
90
59
91
51
99
91
94
12
97
2
85
2
69
87
36
2
12
21
23
7
19
31
3
69
57
32
87
68
37
22
75
79
97
44
36
6
53
24
69
47
4
99
65
81
61
57
57
19
44
13
95
46
16
79
88
59
73
73
71
30
68
69
99
53
97
25
69
76
17
19
8
2
61
60
81
22
42
6
48
24
14
26
23
68
5
23
90
94
44
84
9
38
29
29
26
39
6
61
26
75
21
58
41
0
32
15
30
64
22
63
74
89
30
39
31
98
94
77
47
60
57
75
80
19
7
83
44
29
91
81
48
40
39
67
63
70
88
43
6
37
90
89
78
41
5
83
19
16
27
39
65
74
74
25
92
74
50
46
91
20
74
32
82
4
25
26
67
87
87
13
73
3
79
38
96
94
68
32
96
68
72
39
80
22
2
86
55
19
73
89
89
16
65
32
8
60
9
44
6
58
40
37
82
74
7
47
70
35
12
53
65
34
75
66
44
89
68
73
23
3
92
34
24
9
68
44
51
53
40
28
54
65
48
84
4
32
26
42
40
22
50
16
58
55
77
77
47
72
23
50
24
11
94
13
96
78
43
80
59
53
64
0
71
83
22
41
67
50
28
39
73
88
73
35
62
29
94
94
65
78
80
68
44
38
53
89
45
17
83
65
19
84
32
48
16
23
95
21
64
41
59
79
16
71
64
55
89
33
4
50
46
33
91
44
44
40
39
42
46
77
31
83
20
45
61
65
81
38
60
62
6
4
15
5
69
3
86
77
9
32
73
65
80
80
90
76
0
42
80
54
46
89
13
80
43
51
11
5
18
61
92
67
20
85
85
56
97
95
11
66
58
73
58
94
33
11
35
41
71
62
26
58
1
61
22
72
39
17
77
33
87
32
89
45
68
80
34
63
54
53
80
53
49
24
54
70
83
41
59
44
53
53
0
68
58
21
66
22
0
42
39
17
80
45
94
88
27
69
62
14
98
41
4
6
77
77
57
95
88
6
38
84
64
58
63
92
0
50
29
45
65
93
23
86
93
78
68
33
51
39
17
96
90
52
21
32
2
2
18
31
85
6
65
64
89
82
40
33
49
22
75
39
24
69
10
