99
15
24
65
92
59
65
50
7
66
98
52
84
95
93
5
100
22
84
20
70
43
1
95
23
31
81
14
57
87
76
80
5
2
51
48
75
24
67
7
22
57
87
95
9
83
67
86
66
70
86
30
62
87
69
72
27
87
58
78
19
46
27
13
87
79
70
3
33
64
32
25
25
23
51
83
32
35
45
18
45
99
55
30
68
86
95
58
100
50
53
31
31
5
87
63
78
83
11
88
77
74
72
5
57
35
53
49
50
54
90
35
99
69
63
18
96
45
46
2
35
70
26
60
51
39
37
55
22
14
6
89
59
43
100
78
43
62
61
62
82
51
56
57
72
30
97
40
99
1
91
46
69
95
49
90
81
51
91
80
95
82
79
43
0
49
92
67
5
85
29
57
83
50
78
94
94
79
80
88
6
68
13
77
88
70
4
28
8
16
39
66
24
31
54
20
53
65
98
63
54
68
89
4
20
26
68
78
92
26
65
31
50
33
65
46
5
66
50
58
47
29
41
18
18
83
65
15
85
69
45
71
59
66
89
41
22
91
76
10
