13
27
33
62
70
13
12
35
88
70
45
65
44
51
49
40
53
23
49
53
38
66
5
45
9
96
29
93
46
39
8
16
66
69
54
23
21
61
46
26
24
51
84
45
35
72
51
82
100
82
93
40
91
86
23
34
95
5
7
89
34
64
73
49
46
12
21
20
65
79
16
6
9
27
97
78
48
54
4
50
46
48
38
16
53
53
86
95
83
93
53
36
14
83
72
66
19
2
8
24
34
61
29
29
30
98
54
60
66
0
66
16
7
86
1
63
16
79
63
20
18
32
43
20
15
50
54
40
74
63
61
51
3
17
96
23
68
97
35
8
77
74
99
0
58
19
16
51
97
87
100
55
14
39
4
73
0
60
8
32
18
24
28
59
33
54
57
40
66
94
56
46
35
25
62
18
62
57
74
11
48
55
74
30
91
43
40
48
82
81
80
25
49
20
5
12
61
67
93
75
22
70
91
55
28
65
86
4
2
52
29
79
1
60
45
100
18
44
20
29
70
90
73
25
29
98
3
25
93
68
13
96
14
20
88
52
39
21
79
71
39
12
34
40
11
42
18
6
96
96
29
29
40
32
42
61
87
28
72
12
9
38
79
57
94
39
9
9
5
69
42
64
77
71
58
90
94
34
26
65
42
100
33
95
68
14
71
65
68
49
18
44
64
43
3
13
22
27
5
11
46
40
40
2
78
4
2
52
64
59
42
75
56
7
87
29
80
15
87
13
89
82
38
37
81
48
30
48
76
24
78
21
21
91
20
31
30
27
67
23
97
13
61
49
52
30
6
60
9
25
4
63
41
54
64
25
93
89
87
27
40
33
8
64
67
53
37
61
94
69
97
93
59
21
79
90
52
83
32
32
7
42
31
34
20
65
87
93
83
58
48
35
53
27
47
35
61
24
36
69
17
0
62
46
85
97
28
63
20
30
83
52
51
96
9
91
99
69
23
74
67
69
52
22
3
85
2
30
75
33
68
11
17
1
69
12
28
2
83
7
37
74
57
13
70
25
97
32
71
32
31
82
25
55
89
45
66
13
47
18
85
5
65
81
35
93
63
99
91
15
65
51
36
29
40
45
29
27
39
84
16
84
26
46
77
39
32
54
21
87
15
1
36
24
92
71
74
75
51
58
22
23
2
39
60
50
72
45
95
61
76
94
58
46
77
28
62
36
80
83
74
9
26
25
33
48
12
29
86
45
14
58
64
18
16
47
63
78
59
2
73
14
87
68
8
59
84
11
53
57
78
8
35
83
0
54
22
2
95
25
26
28
72
88
93
26
5
36
45
13
67
15
35
27
46
67
51
76
69
46
78
96
18
72
78
67
24
71
35
8
80
50
21
72
68
50
76
21
2
82
9
23
39
74
76
79
0
17
82
83
93
75
20
25
92
80
9
65
97
1
24
80
67
90
61
65
27
88
58
21
35
69
81
48
44
49
34
36
7
84
60
90
13
22
60
11
92
48
29
8
12
12
35
82
19
99
77
64
98
88
76
30
83
57
32
1
19
46
33
34
16
80
76
83
70
42
84
19
11
30
16
8
61
14
34
56
86
59
85
69
26
39
68
25
63
30
89
37
93
2
17
10
