79
68
80
9
74
92
19
25
2
58
62
42
50
64
94
57
64
38
40
7
48
22
38
71
7
52
15
60
89
13
53
68
13
26
97
83
61
23
25
20
56
55
94
94
36
12
1
83
61
7
33
84
38
51
12
24
17
1
15
12
17
89
27
35
53
3
69
22
57
74
36
49
96
55
29
35
38
21
16
100
51
19
7
60
32
84
67
72
59
24
15
83
17
4
29
12
83
36
0
71
19
55
9
95
86
37
46
90
71
80
19
88
31
81
65
87
35
26
55
40
28
4
82
24
86
5
13
75
43
50
35
44
43
67
79
36
3
33
67
23
62
58
98
37
72
24
80
0
71
52
100
20
37
77
78
77
32
20
29
93
23
40
73
1
77
94
37
32
21
65
26
52
31
1
56
26
26
34
58
51
67
92
72
6
25
38
69
1
41
98
55
88
44
23
69
89
15
37
30
41
28
56
75
93
73
60
65
19
89
63
34
98
57
55
2
68
70
35
64
21
53
37
9
5
96
7
6
86
42
42
0
59
5
72
37
54
48
39
91
32
5
71
32
8
85
86
93
34
43
5
92
68
73
23
63
38
12
61
2
43
16
29
65
8
60
13
96
63
3
86
5
86
89
41
90
59
60
17
91
90
57
48
1
42
43
93
100
79
73
24
1
23
76
1
18
57
12
36
94
45
27
25
59
12
34
77
26
30
90
20
89
0
7
37
96
74
97
57
17
45
9
65
53
77
22
43
25
37
54
33
4
17
0
63
37
28
0
67
94
94
88
73
19
80
56
7
19
93
41
29
18
11
3
74
85
25
98
27
64
87
87
2
44
63
85
29
44
55
27
53
24
12
23
80
29
70
48
64
98
62
1
72
74
15
29
7
5
3
44
99
97
39
71
76
78
27
48
7
5
70
4
65
73
79
52
17
79
89
71
55
22
87
77
7
89
93
38
41
35
84
78
6
48
63
91
4
36
8
35
42
48
1
43
35
84
40
52
69
37
22
0
93
32
63
79
86
2
4
57
60
81
89
94
39
44
76
68
25
69
29
14
25
31
45
61
98
1
37
33
13
45
70
71
14
38
38
39
58
84
0
24
57
59
67
71
70
44
8
53
50
34
37
58
71
57
23
19
97
11
9
92
38
96
2
50
9
58
55
4
89
7
6
25
20
3
47
37
26
77
80
7
14
66
79
4
8
96
60
18
63
73
53
14
94
0
76
35
32
68
52
76
33
5
85
41
26
50
25
40
61
73
29
69
1
61
37
52
71
42
36
11
52
56
21
64
50
56
60
91
5
64
30
99
71
9
68
58
34
85
32
55
19
67
62
18
94
15
56
69
93
42
48
18
87
52
4
48
37
92
88
30
85
36
88
81
5
42
85
55
16
29
36
23
50
46
78
11
85
91
82
89
9
62
51
86
61
54
77
98
95
39
81
92
76
78
91
63
47
19
55
87
50
64
43
66
10
