28
63
52
37
3
13
33
86
99
62
42
40
32
53
91
1
89
70
93
84
86
95
76
84
95
91
40
22
16
24
75
28
62
57
0
21
79
18
26
71
46
78
73
96
33
23
78
11
36
3
88
13
98
3
14
84
2
74
80
15
51
95
28
5
31
84
50
11
87
46
99
78
12
21
43
29
52
40
33
25
12
93
71
29
92
16
87
39
40
85
11
61
61
83
85
37
47
93
27
15
54
91
94
22
74
49
30
62
88
38
49
88
12
54
14
83
57
100
36
98
3
99
22
35
47
64
68
44
53
8
18
16
71
92
94
60
88
54
82
34
56
32
70
89
11
14
0
83
47
64
38
3
74
77
51
71
63
81
84
26
89
77
82
93
52
90
83
41
61
100
95
92
96
38
8
77
89
64
47
37
17
43
85
49
56
60
86
75
90
64
92
30
64
96
45
57
2
100
81
16
50
87
96
23
74
99
63
32
17
44
97
63
45
79
55
3
71
50
32
6
94
3
30
88
79
63
99
29
67
14
57
89
17
77
30
28
36
54
62
5
27
42
12
19
69
4
84
97
29
86
8
66
30
66
41
93
28
88
12
68
24
34
50
84
24
19
43
41
80
98
60
7
63
84
76
37
16
100
61
3
47
34
9
53
92
77
100
88
41
100
4
30
57
48
27
43
19
79
80
59
25
9
47
86
55
53
91
56
62
97
3
39
62
61
46
94
46
66
54
72
76
1
87
39
95
2
30
73
68
97
59
45
27
4
22
56
96
15
20
52
58
52
67
71
95
22
19
93
24
58
61
59
55
72
59
80
8
48
42
88
27
27
100
25
17
66
11
45
26
91
79
75
3
82
45
38
1
16
22
50
12
86
87
87
100
89
56
42
66
6
75
50
57
34
98
91
30
15
98
75
28
67
70
19
62
44
45
16
43
86
57
80
7
39
29
39
96
3
84
83
28
51
85
84
98
62
30
68
53
82
87
92
50
11
27
23
48
39
15
10
