27
32
32
96
54
29
86
39
18
88
39
24
67
2
87
62
8
78
7
81
41
61
13
84
33
83
15
40
22
50
69
100
76
43
16
2
89
27
76
38
24
71
61
65
22
56
25
24
22
69
67
69
93
34
20
25
94
72
77
92
83
6
2
82
4
63
86
72
29
1
70
74
5
34
79
74
51
65
47
99
39
76
2
66
53
30
69
37
39
33
93
88
69
5
45
50
60
83
75
72
71
93
18
61
40
92
71
53
77
73
4
51
1
34
84
29
5
57
83
82
50
72
53
39
82
57
76
91
69
74
81
8
97
24
83
60
91
82
59
86
88
84
15
48
29
53
60
3
36
74
39
82
76
46
60
50
8
80
40
28
70
68
6
75
84
74
99
63
72
79
23
58
90
13
91
76
55
6
7
45
84
27
2
17
42
49
57
76
21
87
57
55
100
17
19
63
45
88
16
83
34
22
15
84
37
38
89
95
62
19
59
87
79
15
25
11
91
74
17
0
67
74
51
50
94
1
26
36
30
89
95
87
95
58
57
23
3
25
91
14
3
0
30
18
51
35
64
91
65
96
75
15
14
9
23
2
55
42
14
36
50
64
84
60
57
100
15
53
2
7
25
52
25
8
91
92
20
34
8
58
57
87
25
85
77
64
72
98
31
34
26
34
13
75
97
74
77
11
97
83
59
8
35
29
47
46
72
90
37
39
35
83
71
78
93
98
0
46
43
1
99
80
67
14
20
92
38
32
36
32
27
66
30
66
53
62
32
7
96
66
39
49
84
50
96
23
83
46
78
70
27
65
12
83
64
31
18
60
85
62
95
100
31
33
45
59
70
96
59
21
78
12
86
4
62
30
29
39
61
24
67
55
63
23
86
95
21
44
20
34
23
56
60
100
37
93
22
34
24
91
53
31
75
28
94
3
96
7
88
49
100
5
91
7
63
92
91
58
70
43
41
20
50
55
32
28
12
46
71
12
74
63
53
14
91
6
5
94
16
20
16
14
43
71
86
24
55
60
40
46
63
60
90
48
100
6
78
57
98
85
12
98
38
35
32
52
2
38
82
27
33
56
49
55
100
0
95
7
22
88
6
91
67
9
86
97
41
47
68
75
59
14
5
4
3
15
42
34
45
2
15
96
12
20
40
24
22
62
78
86
58
46
15
42
46
2
62
95
30
31
100
4
82
76
6
47
34
27
53
73
47
18
66
80
94
82
43
47
93
76
18
28
80
84
64
57
66
90
9
9
100
78
27
22
15
96
30
47
54
96
82
75
81
86
54
22
28
77
63
17
89
66
2
66
85
68
39
10
