59
37
9
67
48
41
51
52
31
66
99
70
40
97
28
86
11
85
80
70
25
98
21
30
83
40
43
20
6
60
72
93
51
67
19
16
86
96
89
25
26
6
60
7
19
15
35
27
93
65
57
91
83
57
76
3
48
57
70
90
79
52
91
25
15
69
72
71
59
86
62
19
56
54
14
27
24
85
41
45
53
8
64
4
67
16
19
43
44
63
5
65
84
36
40
3
84
11
35
68
88
4
83
70
70
53
81
35
70
55
59
6
88
59
90
86
93
85
31
12
87
5
32
85
78
57
92
94
91
19
74
65
95
80
34
65
70
4
96
89
40
94
58
77
51
31
99
15
93
55
5
58
89
20
35
67
77
88
90
27
39
15
50
57
78
82
35
13
6
13
41
12
21
99
38
3
1
76
68
22
94
79
54
87
57
15
97
71
43
28
2
65
6
44
73
31
98
34
34
81
56
3
3
6
87
48
19
16
1
61
46
24
51
80
35
31
33
29
21
29
55
80
100
67
35
91
100
54
20
67
99
22
46
50
85
74
83
81
49
17
41
3
89
4
17
37
23
92
77
78
81
49
86
38
33
61
53
64
22
7
98
45
65
42
45
50
38
95
74
48
76
85
91
3
11
91
17
37
24
28
78
7
34
99
65
31
28
5
21
58
72
81
97
94
67
59
3
65
44
11
89
77
15
91
7
31
32
74
2
22
52
1
57
42
86
6
8
15
32
76
28
25
16
64
66
46
31
93
21
12
64
57
51
78
74
74
12
30
64
69
55
73
65
49
51
58
48
51
91
68
62
42
54
92
15
50
97
98
71
36
92
4
86
80
20
96
3
41
58
41
2
92
74
58
27
75
15
18
54
81
92
96
0
99
81
4
49
78
62
35
85
77
19
68
1
86
97
53
57
68
56
48
48
61
5
29
58
3
43
58
100
8
28
72
32
1
72
2
62
37
16
83
25
49
91
3
78
80
12
98
78
61
26
64
89
49
99
40
9
13
0
74
76
6
25
63
10
