90
37
51
5
31
15
16
88
70
80
59
8
72
48
35
85
51
55
34
64
82
11
61
82
56
79
20
72
73
61
66
86
28
74
11
45
84
15
73
91
72
100
51
41
80
51
31
85
11
39
21
16
44
37
85
36
47
3
44
76
96
18
47
77
49
87
12
9
68
93
25
88
22
27
72
50
24
67
12
64
39
92
36
19
50
83
50
45
56
36
99
34
42
44
77
97
24
44
92
42
31
77
78
82
98
35
40
35
70
91
44
22
18
9
21
33
84
63
66
49
31
8
37
33
70
16
97
83
34
37
34
21
66
59
47
65
36
44
15
82
84
9
27
59
78
69
78
76
33
97
68
47
85
95
48
37
43
32
96
51
70
1
20
21
41
75
46
82
93
52
46
34
29
11
80
2
43
77
34
21
92
49
80
8
68
87
58
3
88
59
82
50
74
35
68
57
94
77
50
37
15
67
31
80
28
46
73
72
94
39
11
77
10
