56
72
80
9
100
29
30
0
61
31
34
1
48
71
89
68
52
57
69
31
63
57
5
9
80
16
84
2
36
13
16
60
82
18
16
72
26
95
18
65
84
51
41
1
67
69
43
57
40
93
31
88
57
8
29
91
25
34
27
23
60
81
27
98
1
11
54
2
24
9
57
24
16
26
67
74
1
22
18
39
28
9
44
37
19
98
49
75
20
72
65
31
3
20
77
63
69
67
30
73
33
5
41
11
31
78
44
59
45
7
40
4
41
53
18
11
66
2
12
98
3
19
66
87
60
51
84
80
29
24
71
21
79
36
72
50
94
21
31
34
58
93
37
46
39
56
25
33
29
70
62
81
16
45
8
18
57
13
30
18
12
89
80
50
12
78
92
74
39
67
49
32
64
61
73
55
3
97
57
74
0
65
54
99
27
89
46
85
7
59
52
53
7
49
88
97
82
86
46
71
94
6
32
76
65
17
35
7
18
87
96
14
68
5
78
35
81
45
46
59
35
55
100
8
17
66
0
24
41
52
22
51
21
32
83
49
37
59
73
12
75
80
37
36
46
88
58
48
100
26
76
67
73
77
35
23
58
18
87
4
94
100
50
90
49
99
27
8
35
94
5
73
72
37
62
62
73
76
20
21
89
74
66
35
42
66
14
36
98
91
26
42
59
36
66
68
79
57
2
14
21
15
22
52
9
71
23
47
86
42
57
1
33
5
70
36
8
3
42
64
2
71
57
8
22
60
27
5
31
69
61
42
77
88
4
1
1
18
13
26
97
69
87
21
23
1
97
76
55
26
69
37
50
29
38
24
96
57
99
29
25
52
85
43
22
75
33
53
77
95
60
16
47
28
9
73
12
54
0
47
92
77
7
64
21
69
22
50
40
11
76
18
66
77
34
22
87
89
57
74
19
5
97
99
70
41
81
71
56
61
26
51
13
61
39
47
49
86
65
83
84
75
68
7
64
83
3
6
82
61
96
2
31
26
54
35
33
99
69
17
98
12
68
27
79
59
72
86
86
71
39
37
95
60
91
80
32
59
79
19
91
42
81
25
39
70
45
26
60
99
82
9
80
15
43
27
14
70
55
56
48
77
54
75
2
5
9
72
90
25
17
72
55
4
62
34
88
27
57
69
11
67
25
52
12
73
18
41
41
21
43
63
0
54
58
66
45
68
81
44
37
67
69
26
83
34
70
80
26
84
19
47
25
35
0
91
7
38
13
89
2
36
6
27
80
1
91
17
24
44
12
78
18
14
19
96
50
98
50
90
11
40
32
39
34
18
29
94
63
21
17
62
3
47
9
58
36
98
40
12
39
47
94
0
100
56
14
92
13
17
30
45
81
36
92
46
29
13
77
57
63
39
87
38
44
62
35
92
89
95
40
60
78
20
15
74
35
86
53
0
68
97
32
41
42
71
64
35
54
46
45
99
1
63
20
83
48
79
100
27
30
97
94
36
76
58
14
59
22
46
43
95
33
55
98
46
61
28
61
0
68
2
8
54
19
60
78
59
81
88
88
44
84
78
41
53
32
21
86
41
45
22
59
64
95
89
7
28
80
50
30
96
96
98
3
7
22
83
84
41
21
91
74
5
2
14
39
37
69
14
39
74
85
60
17
99
14
44
70
8
87
31
32
43
51
68
6
90
29
36
98
80
60
46
37
36
7
84
5
87
99
85
19
89
29
99
40
52
56
20
21
69
4
56
71
31
47
69
0
99
91
7
41
65
69
41
88
7
74
96
3
89
97
33
85
69
10
