14
36
88
90
93
59
32
92
38
29
85
48
48
82
93
22
21
15
46
95
49
33
91
3
5
28
62
99
89
48
53
64
85
19
64
30
95
89
91
38
67
94
43
14
13
82
14
52
6
89
25
85
94
92
19
13
40
3
33
76
51
61
9
87
90
28
61
29
32
74
60
55
82
73
63
59
76
61
78
59
75
60
45
35
86
84
52
89
60
93
66
84
93
25
100
97
27
99
75
95
34
60
64
70
56
43
28
59
84
31
8
61
78
23
99
6
23
3
83
80
86
91
41
18
72
97
61
53
61
7
93
56
26
1
6
60
48
60
60
100
17
55
72
43
22
24
3
13
72
38
65
1
64
28
24
66
14
18
87
30
95
78
21
23
60
70
41
59
2
57
8
33
67
86
26
43
0
20
15
42
94
11
61
49
70
76
16
37
1
13
83
18
14
20
14
57
43
18
46
25
88
74
33
54
8
65
21
29
9
68
99
31
26
63
63
75
78
84
74
6
66
70
9
86
29
4
9
98
41
58
64
78
24
61
33
11
69
29
4
69
52
48
65
61
72
5
65
100
23
39
93
14
76
77
57
53
42
29
83
55
42
29
60
41
54
61
40
77
46
62
67
14
69
40
91
23
86
20
53
53
70
67
25
11
58
97
65
8
96
17
39
56
41
82
11
88
54
23
21
75
62
84
14
75
15
83
88
21
46
57
45
11
6
64
37
58
7
68
97
99
32
68
74
72
3
93
32
7
24
94
92
88
95
62
98
0
67
11
0
70
41
27
80
36
12
7
74
97
37
16
27
71
43
99
54
62
88
17
6
33
52
59
84
56
67
24
28
4
19
28
38
60
48
66
45
5
26
0
83
26
19
26
70
57
88
8
68
23
53
54
51
60
21
80
24
15
22
15
47
5
12
41
4
5
12
99
6
8
100
74
59
83
50
99
91
66
43
48
99
18
76
67
60
17
24
63
31
60
71
100
32
21
45
60
32
29
3
25
70
39
2
95
12
18
13
85
21
52
28
96
19
90
76
79
58
76
65
27
87
40
82
67
85
55
88
67
98
39
63
91
63
97
98
41
88
90
34
80
17
15
41
40
14
22
72
25
70
80
60
12
73
86
83
68
7
56
52
22
66
32
91
29
50
41
43
22
73
96
87
19
28
35
47
41
32
30
9
55
6
73
16
7
27
30
4
19
95
23
82
89
82
40
32
62
0
55
73
44
96
38
98
25
7
76
38
57
43
21
1
24
22
18
30
94
48
59
58
53
79
38
31
66
77
74
90
57
13
34
38
5
8
29
40
76
87
14
46
65
16
93
91
41
10
