9
71
24
68
37
39
63
83
92
11
14
23
24
40
43
33
22
16
12
65
75
24
97
62
13
33
60
71
53
51
29
85
92
12
62
43
18
13
91
93
94
54
26
50
1
49
76
91
17
34
85
42
34
90
66
91
63
76
35
70
15
36
59
44
36
38
83
88
46
36
14
37
55
51
59
3
39
61
60
47
49
95
12
77
29
46
20
47
61
58
94
91
30
65
92
66
66
47
64
48
49
85
58
12
96
8
94
80
30
60
92
16
41
44
86
20
23
30
96
46
79
56
23
33
30
12
33
5
100
34
36
76
26
29
81
45
48
37
75
56
65
81
82
48
13
88
29
97
35
29
81
16
57
25
80
20
14
58
21
11
13
89
43
41
41
68
13
54
48
62
16
93
9
16
7
28
15
13
45
82
39
5
46
69
15
19
88
49
60
54
100
24
67
20
58
81
82
58
91
75
95
96
52
89
43
37
71
77
59
81
6
89
45
28
65
55
58
64
81
23
12
51
18
4
87
86
66
94
100
82
73
86
11
38
44
98
100
82
55
0
63
60
54
57
35
69
13
82
70
93
56
41
45
64
6
67
51
34
18
100
39
64
31
76
77
60
69
58
11
88
41
44
98
0
27
13
74
47
68
83
92
29
95
14
93
73
86
18
52
59
5
94
48
24
76
21
15
94
32
97
99
13
78
33
21
49
93
36
42
7
21
62
1
66
35
96
41
78
65
12
100
82
61
28
12
88
4
93
35
75
85
11
59
79
85
11
49
46
82
52
8
21
54
92
44
90
21
57
75
50
9
81
90
33
44
50
76
97
97
61
100
8
65
54
81
99
60
60
17
46
70
54
8
21
60
68
26
20
66
50
92
98
78
40
84
54
53
46
1
9
73
38
25
97
68
31
19
52
52
2
78
94
94
6
44
77
24
7
29
70
48
95
2
55
85
33
59
61
2
93
91
7
34
65
31
56
2
45
70
25
0
36
23
24
20
81
45
75
31
98
19
89
26
70
80
90
15
15
27
50
86
53
53
1
34
84
98
79
44
57
94
65
81
5
54
94
9
73
38
40
40
84
92
32
69
95
89
90
96
80
74
60
52
73
45
29
44
80
2
35
27
81
27
12
47
26
33
14
49
93
28
66
67
72
59
62
6
26
27
29
58
19
91
43
63
82
61
50
13
21
55
51
69
46
91
7
5
8
53
24
21
44
20
95
100
61
91
32
47
19
20
51
21
48
91
7
86
0
2
2
44
19
84
82
66
84
80
29
33
13
18
42
20
72
87
45
100
9
26
27
44
87
78
32
100
31
13
41
55
40
68
95
94
92
49
68
100
94
13
50
12
71
78
70
44
14
84
83
14
8
58
12
34
83
18
46
31
22
58
82
41
95
95
62
78
24
75
63
69
71
94
95
78
57
73
54
18
92
100
18
91
82
34
73
4
42
35
3
20
23
95
3
79
52
3
29
18
91
64
84
75
65
42
44
99
19
22
60
41
38
18
83
67
33
16
57
27
25
86
87
64
48
91
32
15
91
8
65
66
52
10
