59
42
21
19
72
2
27
89
7
86
82
4
40
71
49
72
46
95
53
8
95
14
12
58
59
6
61
15
78
67
92
91
75
79
40
64
97
32
28
13
78
12
28
4
60
51
67
27
23
8
9
55
22
42
23
11
81
44
68
0
54
13
56
93
35
70
80
33
28
79
45
66
82
69
91
78
83
27
23
66
29
61
76
69
98
46
55
13
48
40
3
44
44
4
30
52
44
73
25
24
7
28
81
79
48
46
12
28
69
9
55
62
85
97
100
97
77
8
82
77
12
92
63
18
6
72
31
41
79
23
99
4
45
56
64
7
82
69
75
36
76
88
1
3
11
62
76
17
83
96
77
30
83
41
32
72
82
73
85
41
70
99
52
57
12
75
5
26
56
95
98
70
50
96
72
75
75
66
15
4
98
75
39
52
19
70
6
91
24
97
93
62
3
22
21
33
47
9
79
49
88
86
99
13
13
46
71
0
92
71
65
0
83
72
92
24
76
82
85
64
0
62
0
8
31
9
14
65
68
50
99
38
1
12
36
97
26
42
62
96
49
34
53
2
24
85
63
58
21
46
85
14
27
37
37
12
16
69
95
69
86
27
46
69
60
60
23
61
89
90
50
37
75
41
63
19
69
40
100
100
99
27
87
99
44
71
90
0
68
60
23
90
59
41
49
10
