46
94
65
55
0
8
20
19
49
11
2
37
29
64
68
17
74
82
39
52
3
30
49
85
37
78
2
3
9
37
46
5
1
40
0
42
32
66
57
78
6
5
14
90
16
15
2
70
27
78
12
57
4
76
15
100
64
54
58
1
14
45
48
24
18
93
40
1
77
61
64
22
11
9
46
44
94
13
31
69
4
65
22
83
98
9
90
84
45
55
69
9
72
70
53
82
35
15
33
17
68
60
19
31
86
3
52
20
89
0
87
66
51
64
58
18
67
36
77
20
72
100
2
4
70
20
95
47
77
39
58
0
34
89
100
54
0
93
79
96
20
20
73
81
74
38
98
6
90
71
61
7
82
59
5
84
0
13
57
17
45
33
14
35
49
30
77
88
77
8
58
46
18
80
16
80
26
83
21
53
94
31
3
75
39
22
90
55
65
11
48
19
78
75
41
26
98
42
48
3
58
82
96
43
29
64
19
80
9
55
32
57
53
64
2
4
2
41
80
13
11
33
53
90
31
26
76
59
64
27
32
38
33
55
14
54
30
29
29
44
82
50
100
76
84
16
70
47
83
49
50
75
14
46
12
78
93
66
70
1
61
56
92
19
48
16
22
94
84
63
21
45
98
72
60
41
85
64
30
58
80
50
86
48
26
36
17
69
89
95
28
59
56
38
67
72
11
49
91
51
23
50
55
96
92
59
71
70
18
84
58
22
4
58
81
79
35
55
73
17
43
51
40
49
32
72
60
95
70
60
73
45
51
53
49
4
37
68
89
28
100
47
80
54
43
37
22
15
5
20
91
19
78
8
60
16
15
84
68
3
79
11
17
19
90
34
70
54
2
16
48
38
38
16
45
52
46
35
95
23
53
91
25
6
85
95
13
37
60
73
24
94
61
76
77
21
33
20
41
45
4
31
14
67
57
100
4
26
59
67
82
16
91
38
57
85
9
15
18
19
74
94
47
37
84
87
12
16
71
90
63
50
26
33
24
89
77
55
50
73
11
72
48
30
66
58
2
9
89
76
98
100
78
5
96
63
83
90
31
84
26
100
70
0
30
78
20
17
77
8
68
33
8
19
30
55
52
45
39
95
76
66
72
25
47
48
17
32
52
98
86
77
39
25
30
16
43
53
30
38
1
100
100
44
12
37
97
79
7
56
99
20
50
45
74
50
55
79
52
36
46
0
11
7
58
49
12
22
55
70
49
58
66
48
27
66
2
81
28
58
20
18
16
84
13
64
84
5
79
64
99
76
97
59
67
78
36
10
