97
86
19
5
38
30
38
22
61
64
29
5
60
41
44
27
71
39
27
84
42
64
54
20
26
45
85
44
95
51
19
18
99
39
6
55
16
25
92
20
21
65
93
77
55
88
85
73
42
43
22
29
11
85
63
50
33
23
67
45
62
15
51
35
66
55
99
6
93
51
81
58
18
99
49
99
83
8
70
62
85
31
90
9
7
19
3
12
91
19
81
1
35
100
4
27
19
15
30
4
100
94
63
46
92
76
56
24
77
38
12
13
56
97
12
42
63
58
18
65
47
71
8
73
57
71
36
49
31
60
71
64
27
32
33
11
54
92
6
98
86
94
36
74
15
54
84
12
82
50
48
76
84
1
46
5
32
87
29
86
36
36
85
62
67
35
9
37
49
1
95
42
58
61
56
4
0
0
81
33
67
75
56
83
65
44
27
31
23
66
56
2
42
56
63
99
57
87
94
95
62
0
36
44
24
57
1
80
63
75
39
78
19
99
3
32
80
56
81
89
32
11
45
13
0
13
27
3
88
51
41
64
41
16
92
69
93
34
98
65
59
29
16
61
11
34
42
85
0
55
15
88
78
54
1
71
86
59
15
100
31
68
37
55
27
27
46
89
31
81
19
95
55
74
40
24
76
74
58
61
22
51
13
65
50
60
81
3
50
29
96
33
86
32
31
28
63
42
73
96
58
20
98
68
82
11
37
86
19
66
41
20
24
85
29
83
4
69
55
30
70
74
85
33
73
36
81
55
85
75
14
23
32
74
93
5
98
58
70
82
84
94
14
21
35
23
83
32
24
43
18
52
55
41
95
15
4
47
31
40
39
89
1
53
86
89
44
91
88
6
47
61
61
48
81
73
54
26
53
53
16
76
19
33
7
3
66
1
67
16
62
4
94
72
19
39
16
15
9
74
76
41
49
5
16
49
34
37
3
76
5
95
68
12
82
52
25
61
37
48
96
5
63
42
82
90
11
86
52
48
25
54
51
71
0
31
43
83
38
45
68
34
95
23
38
80
36
51
20
8
79
13
41
1
81
20
74
5
59
61
33
58
61
3
34
50
48
11
49
19
28
96
11
38
20
58
10
