100
92
62
67
53
0
18
90
39
93
66
24
69
32
47
72
27
21
64
56
3
70
75
46
48
89
33
41
54
63
23
28
19
84
56
16
36
37
17
8
29
15
56
21
71
94
97
94
74
17
32
91
69
82
48
50
4
36
84
61
50
71
0
32
35
52
91
21
53
99
55
6
8
17
66
0
70
24
14
74
7
94
64
43
84
11
61
15
28
83
20
97
66
79
47
45
85
32
73
88
64
46
63
66
81
3
5
48
11
19
40
31
85
99
41
73
29
58
64
62
79
90
83
9
98
25
7
20
44
43
33
39
62
24
5
35
90
99
86
35
45
7
99
88
91
63
81
76
32
31
50
85
3
96
18
75
15
90
84
45
41
59
31
7
61
88
64
80
33
90
99
35
43
55
13
93
83
70
31
62
39
20
19
58
4
31
37
64
45
75
29
59
90
50
8
75
63
11
14
75
16
74
36
12
56
70
3
82
13
15
57
92
53
32
73
59
49
12
8
91
59
21
52
0
88
68
13
98
28
4
89
2
59
70
32
79
48
53
29
90
100
83
35
75
3
18
29
100
37
51
1
93
53
31
35
77
19
3
32
65
69
28
52
62
45
91
87
28
48
80
67
96
73
54
97
64
59
44
91
39
79
98
19
46
31
96
83
70
0
75
12
78
67
45
21
13
44
48
66
92
2
97
73
70
70
37
77
9
32
98
25
10
