9
97
50
23
13
59
13
29
8
23
25
3
100
33
38
98
77
4
79
36
56
49
19
4
75
97
81
0
75
40
89
92
14
4
36
55
82
47
33
98
23
12
15
55
77
88
22
8
84
94
32
11
98
94
49
77
12
15
100
91
5
52
91
47
86
15
41
92
0
39
19
44
18
24
72
64
35
64
85
27
6
85
48
3
48
11
37
92
34
63
11
18
91
15
91
4
25
5
36
33
35
22
30
32
20
21
27
94
98
42
68
79
38
100
6
78
32
91
30
52
50
73
39
96
73
37
39
59
67
73
76
85
41
56
93
52
62
91
41
59
77
47
42
92
73
45
12
100
74
77
79
18
4
8
86
33
36
69
75
68
88
18
62
39
19
74
25
57
27
14
47
92
94
48
7
69
9
58
93
78
25
44
54
73
39
69
90
89
27
42
100
48
38
11
4
83
11
88
97
25
78
38
1
39
90
85
18
56
47
13
63
22
6
71
91
27
29
78
88
0
58
57
8
67
84
23
31
11
3
7
74
14
11
33
67
70
6
11
79
74
23
60
49
92
53
93
24
95
96
80
14
77
43
50
80
96
75
54
83
85
86
17
35
92
45
47
17
87
34
61
68
45
22
60
0
6
27
33
0
98
99
95
13
64
39
19
37
9
14
25
98
100
36
58
69
21
55
44
30
86
50
93
57
68
24
5
70
52
30
9
94
67
26
2
97
95
96
47
66
69
66
58
67
8
80
5
42
61
57
47
28
1
93
30
36
13
0
18
62
100
86
73
73
94
33
58
78
96
91
51
86
81
99
52
64
13
2
91
95
75
91
13
86
6
9
7
57
28
72
92
4
21
69
6
5
8
3
27
71
7
40
41
87
76
22
31
89
75
16
47
66
15
85
47
26
73
68
34
94
60
39
24
77
64
72
26
27
65
22
96
33
75
20
37
55
13
45
17
29
50
55
86
48
63
88
81
37
83
75
27
85
7
88
24
62
29
17
27
20
21
77
79
21
93
14
21
13
64
21
57
42
46
77
53
42
42
41
95
42
61
40
1
66
78
43
81
77
37
55
50
21
41
18
1
76
44
15
95
57
64
28
88
90
66
45
90
38
63
2
93
31
45
55
13
76
71
57
17
4
9
48
58
81
27
84
28
27
60
47
44
51
38
61
71
90
20
70
49
61
93
74
36
41
13
34
73
80
18
88
41
51
88
25
89
27
2
54
43
93
87
71
89
26
40
29
85
34
70
64
82
76
68
22
80
37
70
83
17
93
7
69
70
34
28
60
24
28
69
65
24
3
39
13
17
0
36
48
33
13
55
71
35
93
6
25
56
40
14
95
2
61
89
82
84
52
50
4
89
48
7
11
73
67
16
89
88
96
1
3
87
99
51
78
88
50
69
87
45
68
27
52
37
60
43
46
28
51
3
31
93
11
83
2
13
54
96
27
81
56
89
24
33
32
92
62
20
14
23
88
28
54
22
46
100
45
62
49
48
12
73
41
81
76
55
68
92
89
81
76
30
91
0
93
61
55
33
14
31
4
88
95
94
68
2
77
63
50
42
92
71
15
98
9
5
99
28
64
83
54
48
74
5
28
23
51
35
43
41
60
92
98
81
54
39
9
86
61
65
67
81
57
39
39
43
27
5
97
74
93
25
38
32
58
67
72
43
95
56
37
55
17
60
95
56
56
20
61
65
58
0
34
42
7
61
39
84
0
36
79
0
15
93
10
