3
93
58
99
68
37
96
18
85
43
43
77
75
14
5
2
83
80
16
15
36
51
100
54
82
42
62
93
36
71
26
24
92
28
82
34
58
94
37
92
21
34
35
73
62
17
89
4
27
82
95
13
28
96
48
91
49
2
51
66
41
1
17
50
7
78
34
35
52
32
85
8
18
64
36
69
63
25
79
90
39
3
2
54
3
49
58
77
19
75
48
44
26
42
89
3
51
36
4
83
50
39
41
45
30
60
100
84
52
48
22
82
29
35
78
20
4
70
94
70
64
21
43
1
5
12
34
12
76
53
64
18
30
3
63
13
79
42
64
93
31
95
43
85
0
71
70
56
31
24
90
30
3
15
83
72
51
46
37
29
80
50
15
86
43
82
65
5
100
94
65
27
3
34
82
34
27
25
53
60
94
41
43
81
39
82
18
31
51
32
37
94
56
77
7
59
12
24
50
6
77
98
30
25
79
91
47
11
48
20
51
75
53
6
76
99
4
61
31
77
45
59
94
90
66
37
55
82
71
35
98
1
34
43
69
93
66
64
92
17
58
31
90
62
97
85
32
65
41
4
66
60
5
21
70
78
64
7
94
29
16
48
63
99
94
8
86
53
79
70
61
33
34
79
83
71
1
21
25
63
41
5
15
14
37
50
55
5
66
55
32
85
98
32
89
16
0
7
34
75
81
42
79
40
68
1
15
14
27
73
45
71
61
29
92
37
46
35
99
40
7
47
0
21
75
10
