99
90
27
63
61
70
48
15
84
28
75
55
55
40
29
38
92
99
66
72
80
35
72
24
37
78
91
0
39
53
84
15
74
74
83
64
91
65
4
33
96
100
80
61
40
5
51
9
25
1
68
22
43
14
12
31
39
56
13
91
76
75
65
36
49
63
8
90
34
5
47
66
93
95
57
64
3
0
96
33
64
39
99
28
33
71
76
12
90
8
4
50
99
51
67
59
3
18
16
80
90
22
39
90
78
49
30
100
74
13
91
30
0
91
65
56
11
88
17
22
77
4
38
87
54
4
63
31
64
54
34
77
72
11
68
58
42
75
57
40
13
38
25
26
5
81
59
12
80
93
8
79
100
88
95
20
56
26
54
71
5
89
76
7
75
35
86
41
53
42
85
0
97
27
35
44
88
88
96
35
72
42
83
1
51
73
38
43
96
42
45
65
95
70
29
4
56
1
28
41
53
68
22
30
36
25
53
39
27
94
99
98
93
90
100
72
3
70
61
24
2
4
6
98
34
3
95
14
46
85
47
7
76
1
6
50
50
41
21
9
64
68
49
9
40
86
58
38
6
66
32
25
46
54
84
60
21
56
96
3
33
98
48
23
65
86
33
68
83
66
7
60
62
61
63
44
95
100
58
80
52
71
3
100
74
49
56
87
8
85
78
22
27
8
100
17
88
64
96
75
71
49
46
77
76
73
70
66
46
2
13
1
69
32
16
89
84
71
80
31
21
12
24
13
11
24
90
81
93
69
33
28
89
47
25
49
58
86
16
17
17
44
65
52
46
7
16
29
59
90
56
76
47
68
16
62
18
12
66
99
67
34
65
49
90
80
40
96
95
99
92
58
63
42
95
90
28
66
36
68
72
29
91
51
39
35
70
31
18
58
32
38
86
68
79
96
82
31
14
95
26
86
40
52
57
7
57
29
38
100
12
43
95
25
57
76
77
55
55
19
89
81
1
76
35
84
11
70
67
49
54
80
87
17
41
11
81
60
81
100
7
58
97
60
70
45
54
19
34
75
84
55
85
48
91
55
15
5
82
49
45
88
18
60
27
63
81
31
58
56
34
68
27
18
30
75
64
92
58
30
34
98
63
94
35
20
91
98
11
63
25
32
83
98
75
62
74
55
16
48
64
8
15
2
14
15
9
64
18
86
2
7
92
57
47
62
84
74
100
87
90
47
4
62
97
96
99
96
83
72
6
5
42
87
39
17
30
59
51
3
22
85
78
50
43
15
33
71
99
4
25
81
1
42
96
77
92
13
46
85
71
18
93
49
50
76
42
51
63
89
97
53
92
68
92
40
36
33
38
51
32
89
43
42
27
77
32
64
86
54
81
74
100
68
69
52
74
49
65
94
71
40
28
99
43
51
11
70
50
34
41
83
27
36
54
94
68
50
21
33
25
62
59
29
56
93
74
12
12
12
43
95
22
48
33
93
64
64
41
43
40
45
23
56
12
48
5
8
68
76
35
20
34
67
62
37
45
18
44
65
22
16
43
39
49
91
38
47
100
86
5
94
28
78
48
35
74
98
98
30
56
91
76
94
96
25
0
54
76
50
50
9
37
59
59
80
21
98
100
37
32
55
85
46
41
45
2
7
15
0
32
68
99
29
93
70
81
54
62
22
87
88
68
96
38
69
67
39
57
6
15
88
25
93
43
53
51
67
47
41
11
20
35
79
71
62
67
88
43
94
30
88
70
37
33
10
