37
4
2
17
93
47
6
98
79
96
22
57
8
81
42
93
82
18
4
83
72
32
84
61
92
95
54
57
90
96
53
13
2
73
9
21
20
64
80
83
67
14
74
18
16
65
69
22
27
28
88
34
48
81
41
47
48
68
2
63
60
47
90
92
36
97
76
24
4
19
79
11
91
46
18
8
8
28
58
12
94
20
52
89
19
8
31
32
29
55
75
34
23
39
27
12
34
31
22
72
98
94
67
66
29
9
50
87
7
55
53
6
84
17
74
40
20
0
14
35
96
49
18
56
25
64
82
2
17
78
70
100
7
93
49
15
83
30
19
68
66
68
49
42
62
25
73
5
98
85
19
83
89
82
89
78
43
63
43
26
16
19
59
5
100
96
96
27
40
84
83
59
65
30
21
62
35
96
24
9
61
4
18
45
32
9
96
2
91
39
67
81
55
85
35
95
76
33
58
73
27
89
23
54
74
24
65
51
37
52
95
18
55
82
64
41
84
40
14
40
9
86
71
87
32
9
91
31
79
23
2
82
89
74
98
59
4
34
54
99
4
44
25
82
95
90
79
79
8
36
46
6
53
36
82
81
71
35
86
61
70
39
69
23
79
3
86
76
90
70
49
91
82
84
60
77
93
3
27
41
87
95
51
13
3
19
89
44
18
18
6
76
27
89
40
63
65
93
36
92
54
74
71
62
93
33
79
66
100
7
59
72
59
70
85
57
42
37
37
14
2
38
64
6
73
6
88
10
