35
9
31
48
60
59
13
96
100
21
65
72
9
19
3
82
3
73
76
29
43
13
7
57
52
15
70
40
34
6
15
78
32
50
84
63
79
92
55
66
37
65
21
50
9
83
6
1
55
72
17
58
75
97
51
22
50
89
38
3
79
9
64
12
3
61
49
72
7
46
15
64
85
87
7
77
1
96
32
5
8
78
18
81
88
2
37
25
37
96
45
65
26
25
13
6
67
53
14
22
42
58
75
85
4
5
12
39
93
41
7
21
16
1
8
75
72
94
46
81
91
65
38
76
39
20
48
67
100
31
3
19
80
75
37
32
15
74
65
19
95
88
51
39
1
82
67
20
1
15
80
11
0
69
70
34
59
70
80
64
57
9
31
84
79
48
58
8
25
98
0
26
21
59
32
88
14
66
67
58
100
74
87
72
4
67
47
18
43
84
59
60
54
76
88
78
99
80
19
19
62
46
74
100
5
4
14
98
50
65
31
34
12
63
50
17
71
54
60
87
58
60
15
52
19
40
95
78
71
36
12
68
25
84
52
91
4
61
57
93
47
2
95
5
28
37
16
13
22
18
90
88
94
97
73
93
36
54
59
31
3
26
12
59
14
89
86
75
44
8
67
81
13
23
59
67
80
41
99
12
19
49
47
30
19
68
0
29
57
5
5
55
71
68
70
73
2
66
70
17
76
30
8
7
78
61
25
58
86
29
89
96
66
61
86
81
77
49
28
13
64
81
53
19
86
46
66
95
68
19
100
79
84
26
81
83
22
73
96
42
73
34
34
26
68
90
93
83
55
66
38
12
88
22
27
70
34
29
19
59
84
89
26
89
1
23
65
45
18
34
54
95
65
88
40
66
84
29
91
50
17
69
56
61
21
69
33
81
99
4
37
4
89
12
68
97
79
92
6
48
16
50
69
47
48
19
6
99
35
18
15
73
66
63
74
99
16
54
100
49
27
69
30
21
66
92
82
66
80
85
90
18
33
44
13
78
58
5
100
43
39
64
30
48
97
38
70
1
83
17
65
7
44
8
21
92
78
46
43
91
33
94
45
56
57
99
6
87
92
19
80
18
21
38
61
93
28
43
91
74
79
32
13
16
57
86
72
99
27
50
72
98
57
79
75
93
14
66
0
6
85
74
4
43
18
51
4
44
84
55
50
62
32
23
48
80
16
3
23
19
41
14
86
20
53
15
28
35
74
54
40
19
33
76
73
50
58
49
87
68
97
32
5
46
89
59
88
54
28
29
21
5
36
11
54
73
34
43
49
20
82
4
57
47
15
70
34
42
97
44
3
0
25
22
61
62
28
56
12
42
77
4
20
20
52
32
44
43
2
71
35
35
58
40
45
62
35
88
11
63
27
44
23
65
67
96
25
38
4
98
95
40
94
98
17
9
40
49
30
53
42
33
71
26
70
30
34
56
59
20
66
56
86
55
26
89
78
73
84
30
94
43
83
55
58
23
37
55
61
97
74
32
48
14
43
72
43
47
28
27
12
77
3
54
83
99
62
9
28
3
81
68
14
90
81
36
89
82
67
99
13
8
20
14
76
7
79
13
12
30
35
36
69
96
39
34
91
57
62
100
7
36
59
52
0
52
26
7
18
96
75
97
2
50
92
90
82
58
5
77
9
66
17
64
27
66
99
95
18
98
48
26
75
68
44
74
97
41
54
98
64
43
90
50
68
21
67
67
80
25
27
44
45
16
68
75
70
68
87
36
74
99
58
22
76
73
31
51
68
1
95
88
93
76
23
70
71
97
7
86
94
81
25
30
19
53
40
57
67
22
52
30
52
25
62
100
99
54
29
24
78
69
8
37
84
78
92
58
15
35
24
67
1
58
22
45
27
74
22
47
31
25
93
91
32
25
27
44
64
4
68
55
56
51
66
99
9
13
22
11
29
59
5
36
9
43
22
60
73
11
73
58
21
5
72
24
66
90
47
59
36
33
78
62
1
17
98
0
96
79
79
45
7
32
0
47
67
83
9
47
79
22
23
1
60
31
92
21
18
36
13
92
62
94
82
33
20
84
71
18
95
12
12
67
41
7
10
