99
49
67
36
89
61
6
66
71
82
64
8
24
56
35
71
73
21
20
68
57
68
7
88
18
69
69
84
88
0
97
22
98
50
30
45
88
75
53
48
53
92
17
40
56
85
20
19
18
29
90
89
7
38
65
54
87
84
100
91
49
3
78
45
84
31
30
44
81
58
17
57
71
79
9
54
46
25
75
48
89
51
0
89
71
6
59
69
25
87
61
99
15
34
12
92
42
45
89
83
45
58
28
100
19
59
55
59
63
93
76
53
41
49
100
78
33
77
62
72
15
22
8
21
86
95
85
54
46
79
68
56
65
21
62
4
47
6
8
52
87
26
59
30
42
53
56
15
31
54
7
28
45
46
72
13
60
29
11
20
34
0
5
59
81
15
32
13
55
38
37
37
82
48
69
28
17
77
43
2
96
38
38
26
44
53
100
22
66
41
39
53
90
48
96
19
18
32
6
23
96
42
16
55
52
35
90
3
20
98
74
92
51
89
67
19
99
91
0
99
97
28
13
21
25
95
33
29
94
37
24
40
5
35
52
97
74
49
0
52
22
49
4
95
0
61
54
51
38
83
63
73
57
40
46
0
76
94
19
81
25
60
60
77
37
79
59
14
51
76
17
56
37
33
46
19
9
96
87
76
51
93
43
98
12
4
23
13
50
4
21
35
7
5
49
70
100
13
65
67
80
47
20
91
59
62
33
55
33
72
68
11
90
92
20
26
22
26
37
69
89
82
19
40
50
38
49
60
88
25
1
55
41
39
78
90
8
62
88
62
13
40
91
69
28
52
32
27
2
80
37
43
59
32
21
43
32
4
80
91
28
12
82
5
30
37
17
82
37
86
77
57
40
20
32
26
17
54
49
92
4
91
91
4
62
81
5
43
41
95
51
16
53
55
60
13
11
25
52
100
89
84
100
85
30
73
71
48
39
73
88
58
57
0
67
9
41
33
77
4
40
53
97
12
97
6
88
88
61
94
51
47
13
33
27
31
31
14
87
25
58
9
62
86
45
95
73
93
92
82
85
8
36
24
79
77
68
70
74
76
45
20
56
65
3
51
58
77
98
77
53
77
82
64
54
49
64
83
84
13
72
38
23
11
23
74
99
38
14
87
54
38
33
74
70
73
50
27
78
64
74
98
28
100
31
43
49
26
90
9
99
56
4
2
22
41
37
43
96
57
83
74
52
68
85
94
45
34
17
46
70
70
87
76
64
5
45
12
11
49
43
11
37
4
27
93
11
0
71
91
54
13
20
36
2
68
19
42
7
20
25
38
64
4
74
28
71
75
1
6
33
52
54
19
69
22
70
21
5
5
51
17
65
23
48
63
82
48
51
39
99
67
54
45
0
30
0
63
2
61
14
85
9
16
77
57
8
88
73
9
72
73
51
39
9
92
76
84
84
43
21
13
88
11
98
77
1
0
9
38
94
67
19
17
70
52
84
94
37
78
54
82
38
67
6
22
77
79
17
30
0
89
81
66
44
36
96
52
79
57
28
17
48
14
72
1
21
42
62
79
57
25
21
16
43
98
20
6
47
57
80
53
37
85
94
98
18
50
11
37
80
70
88
82
84
78
28
89
71
81
55
56
57
62
85
41
49
27
0
5
64
52
72
10
