100
73850
4997
92247
-11021
-91646
-66882
38224
-39797
-56664
-89415
-63054
60552
-51128
-358
66311
-84059
-15924
73753
-32800
77289
-65258
-75108
-803
16518
70692
-30865
-43398
-16545
-95508
-71553
-5008
-74467
-91062
-26559
61074
98720
92376
33845
15035
94613
98505
40482
15200
63158
94015
86388
60109
-17736
-44499
-21252
83724
-58749
-11680
35047
26229
72821
83781
63651
-27534
-52935
-52059
3020
-43796
56639
-999
-32011
-16012
-67491
70337
-74501
51956
-67743
-87647
-44823
84098
-35618
58964
32073
69217
-89507
46618
-52160
26281
13517
32805
-78771
16371
17523
-24648
19525
67965
-1520
50417
33133
-65826
2276
-37612
-21163
-88397
89100
