87
-98612
-37993
-9196
-17568
-24157
-79466
28061
-96854
-60440
-73554
-27029
28531
-21791
-32413
95893
89472
-71436
-12267
-72337
-33537
-51269
64479
41580
-7068
76165
-63266
64389
67210
42778
-63828
-58144
8148
-61958
72638
-79276
53251
54032
-24042
35971
-53787
-9041
57760
-36735
54934
-57089
-82947
99365
-40410
94138
-59457
-65699
28430
-27852
-70450
-55417
88302
33313
77644
-52051
-56309
-67956
-46417
-20649
7547
-79992
-16786
49464
-32756
-25001
-11878
-49273
-38577
-54986
-2398
-86396
45262
-98379
66808
-37035
13636
13793
-83041
52918
55117
59231
93034
60175
