100
98247
49110
62926
-89128
-77554
194
-88697
69608
-54325
-75140
-38223
-85991
31624
90535
71248
38532
8183
66480
-54405
-76572
-81559
98414
-5630
-60902
1665
75833
-14494
17019
-62420
-78976
72787
-9244
92045
67091
55380
23949
-44242
78601
-55097
-19519
-64184
97141
-33240
-64812
78673
85801
-47254
-4665
28921
29884
-19112
42430
57291
75053
-26481
32996
-25467
-49690
-94072
-52593
-10754
14549
-30868
30596
71111
-90438
-46629
-73726
-63024
70940
-55822
-59019
-27616
-67865
-19249
38668
86205
-96769
47833
-21101
-1501
7981
-88635
-66004
-51568
92947
38539
-90004
898
-23899
3009
47256
-30978
59352
-6737
-50350
-62351
88346
-44327
67398
