88
-76133
66852
-86274
-55663
15920
-43181
55364
94049
34726
-7676
30800
-20356
65469
-39913
-1245
96046
81985
-64652
-27489
-49549
41349
95751
-64069
27884
60093
43161
-87029
-39031
34678
13440
-9283
18698
64209
-79051
-48338
-69474
84130
-89718
67587
12275
17086
-15706
-91948
-24771
-30262
73624
-23770
-58424
-54874
-83525
95533
-81485
76778
-8665
1638
89489
-71356
-68096
70210
-81305
-68492
-96028
-65895
-97565
704
18312
37327
-36109
80646
31042
-87587
-38832
-98175
75671
-56822
23134
-52408
12945
355
75343
-81284
-98557
22845
29610
-14972
27485
24012
-21614
