92
-44762
98600
-75025
24055
-88580
-56657
-16865
92930
70102
-72504
39287
-89471
11322
21016
-58687
-35254
-96966
-37477
-22412
-1865
-50802
74027
27265
18962
-62343
33837
60662
37938
99630
-7673
-78705
-15466
-70929
29709
-6324
56646
-14014
-7831
-14661
-58435
-94309
-23735
50971
-65350
-85267
-6571
52310
-87493
49774
-28921
2552
39512
37532
-53191
-71562
87266
22249
55720
-43915
-69293
-14034
77228
-78547
71447
31103
1375
-30490
955
77739
-54124
-87622
-18939
-20695
57388
75098
14564
-56246
55825
-88871
-77207
-70349
-66573
23785
-11552
-43160
-21590
75339
82294
64497
46665
-98847
81941
