83
-40148
8866
343
-92338
-94977
-3665
-83458
-87059
-32229
56902
17725
32758
-37896
14047
76524
83681
94239
-43144
-83357
42327
33185
97994
-56753
47168
57391
-57696
-96836
-59921
4818
-58324
12941
45673
72293
-44404
89186
-61693
97235
-85225
88087
78305
-22094
29276
-21591
40515
-13675
-49729
-7983
-13026
36177
-58479
41236
31226
-34737
9084
53004
-61385
10157
83225
-18909
59507
-63291
-19182
73433
9718
-1778
28335
31004
-49839
25073
-74153
-78929
-26737
68674
-15186
50396
18405
91367
-79697
-3242
13253
22638
30688
-24120
