96
-14020
-20514
-31732
-56156
34691
11106
-44484
-13729
75137
6412
-42822
30501
-82909
69692
15451
79706
-52460
-45140
27049
69277
87008
76953
-34796
-18513
13055
12610
-58982
-78390
-78660
73439
-69656
4089
45391
55551
-68587
42890
51840
-98990
-64388
-3076
32820
-99227
-29341
32581
-88613
6275
-10852
73900
22155
-25658
31140
7138
86340
-58932
-70861
-68384
-83638
-3008
78443
-71414
50742
467
23858
67308
85526
37847
-32038
-40244
54404
58107
-5085
66678
-60099
-56733
58518
-53026
49042
93007
-52027
-36857
59463
-258
73949
-88075
-8727
-17180
-35282
29815
14720
-64741
-64407
58966
-49643
-76252
32337
1763
