78
3930
26954
60476
-25938
70914
-52970
-3723
-29595
7868
95428
-48008
49199
12579
-80508
-62581
26828
-72355
-471
-23042
14539
21621
-43849
49355
72083
41039
-17860
63943
-48744
32316
-36754
57675
-5189
-66688
96383
67903
-95621
66146
-26047
11998
-79269
-24386
-58245
61418
-42104
21649
-77645
98396
66180
51317
-36540
-97333
99944
-47155
82229
-82185
-46287
-24408
77730
75376
-56927
30282
1094
-72960
-62843
-63467
62588
-94183
26177
-38234
-16714
-16634
-67463
28550
71489
20715
49261
48927
-95432
