87
98574
15751
64528
48799
34314
58409
60395
-51745
69759
-8096
-92014
21063
-18362
-29320
-61921
85689
-79700
-47254
66901
13372
-34534
55819
-90619
-5356
36021
44221
-71533
-19727
22355
42509
69503
61133
80777
32692
-14421
-98340
-39536
88624
-57802
-67045
44328
61270
-66777
-66453
35482
-16599
64315
92013
60255
-90647
65844
-52409
60349
-24839
-78650
-80929
78782
-71092
-85119
67321
-82454
-3882
-55708
-68645
-27563
-24208
-35554
-49118
51577
90313
93163
-80439
-23976
-48230
-62512
-66865
-92347
-206
-33949
-52275
-12544
96561
25065
2032
37440
19958
96499
