87
-19156
70013
-42440
-76001
16798
-7897
88315
13788
-91751
56171
28406
-55558
69693
83705
22571
94782
48523
-33500
-2675
99865
8055
74573
54676
-79249
71495
-20131
14727
13392
-23959
-35094
17626
-45844
73605
81717
73436
-31785
-5331
99709
-79219
95955
-13247
-24726
68162
25989
-2048
-56837
63427
-49150
-44973
55630
-80039
-20811
79443
66593
69915
2187
14389
-12212
-95009
-83994
34855
-25342
-31146
-38180
18235
-91261
-10535
85162
-56224
47730
-57059
50518
-52908
23038
41205
-6162
12819
-10757
-21037
-83511
-118
-43896
-55729
52857
-64910
44424
26567
